2,1,590.67,91.25,67.33,61.50,0.42,-1,-1,-1
3,1,574.00,107.92,72.67,71.75,0.41,-1,-1,-1
4,1,534.33,127.83,92.67,105.67,0.49,-1,-1,-1
4,2,365.00,136.33,104.67,85.00,0.41,-1,-1,-1
5,1,457.00,170.00,130.00,137.00,0.44,-1,-1,-1
5,3,256.33,179.17,137.33,107.67,0.42,-1,-1,-1
6,1,248.67,283.50,240.00,237.83,0.48,-1,-1,-1
6,4,30.75,266.83,214.92,160.83,0.48,-1,-1,-1
6,5,543.00,124.67,87.33,89.00,0.47,-1,-1,-1
6,6,428.67,93.33,98.00,84.67,0.45,-1,-1,-1
7,5,565.67,124.83,72.67,66.83,0.43,-1,-1,-1
7,7,463.67,175.33,122.00,123.67,0.49,-1,-1,-1
7,8,369.67,110.00,116.00,102.33,0.47,-1,-1,-1
8,7,496.67,173.33,99.33,97.33,0.47,-1,-1,-1
8,9,290.33,133.92,147.33,123.08,0.50,-1,-1,-1
8,10,496.00,91.75,76.67,56.33,0.42,-1,-1,-1
9,11,459.33,109.25,85.33,67.58,0.48,-1,-1,-1
9,12,331.50,283.33,174.50,170.67,0.47,-1,-1,-1
9,13,161.92,171.50,197.75,166.33,0.45,-1,-1,-1
10,14,403.00,133.50,107.33,81.00,0.50,-1,-1,-1
10,15,0.00,254.33,218.33,245.33,0.46,-1,-1,-1
10,16,579.33,96.50,77.33,67.50,0.46,-1,-1,-1
11,17,314.83,167.50,141.50,99.67,0.50,-1,-1,-1
11,18,523.33,130.00,102.67,92.00,0.48,-1,-1,-1
12,19,424.67,194.00,148.67,126.67,0.49,-1,-1,-1
12,20,175.67,224.33,196.00,139.00,0.47,-1,-1,-1
13,21,0.25,339.00,208.42,238.00,0.47,-1,-1,-1
13,22,123.92,361.00,316.42,297.33,0.44,-1,-1,-1
16,23,543.33,124.17,80.00,78.33,0.48,-1,-1,-1
16,24,966.67,338.67,208.00,172.67,0.46,-1,-1,-1
16,25,387.67,119.42,106.67,84.42,0.46,-1,-1,-1
17,26,230.67,176.00,161.00,119.33,0.47,-1,-1,-1
17,27,896.67,177.67,109.33,100.67,0.46,-1,-1,-1
17,28,457.33,174.00,115.33,112.00,0.45,-1,-1,-1
18,29,1061.33,392.00,218.67,216.67,0.48,-1,-1,-1
18,30,354.67,139.83,104.00,79.67,0.47,-1,-1,-1
18,31,0.00,292.50,187.00,213.50,0.47,-1,-1,-1
18,32,260.67,284.33,207.33,191.33,0.44,-1,-1,-1
19,33,920.67,198.17,121.33,94.33,0.48,-1,-1,-1
19,34,138.33,221.83,174.00,130.17,0.45,-1,-1,-1
19,35,1124.67,586.67,155.33,133.33,0.40,-1,-1,-1
20,36,964.00,285.67,145.33,116.67,0.50,-1,-1,-1
20,37,516.00,140.83,97.33,81.00,0.49,-1,-1,-1
21,38,380.67,223.50,156.00,136.83,0.48,-1,-1,-1
21,39,898.67,175.33,90.67,74.33,0.45,-1,-1,-1
22,40,0.00,491.00,303.83,226.33,0.49,-1,-1,-1
22,41,1049.33,372.00,222.67,174.00,0.49,-1,-1,-1
23,42,948.67,213.83,124.00,92.33,0.47,-1,-1,-1
23,43,608.67,108.25,62.67,61.25,0.42,-1,-1,-1
24,43,613.33,115.92,68.67,69.08,0.38,-1,-1,-1
24,44,898.00,144.17,81.33,62.00,0.40,-1,-1,-1
25,45,1001.33,329.33,205.33,162.67,0.48,-1,-1,-1
25,46,619.00,119.08,75.67,74.58,0.47,-1,-1,-1
26,46,620.67,125.33,88.00,76.50,0.44,-1,-1,-1
26,47,911.33,191.00,110.67,92.00,0.48,-1,-1,-1
27,46,625.33,129.00,94.67,79.33,0.45,-1,-1,-1
27,48,1120.00,488.33,160.00,224.33,0.47,-1,-1,-1
28,46,632.33,134.08,102.33,81.92,0.46,-1,-1,-1
28,49,971.33,259.00,142.67,107.00,0.51,-1,-1,-1
29,46,643.33,137.58,109.33,82.92,0.46,-1,-1,-1
29,50,910.00,166.67,89.33,70.67,0.46,-1,-1,-1
30,46,653.67,141.58,115.67,85.42,0.48,-1,-1,-1
30,51,1116.00,510.67,164.00,209.33,0.45,-1,-1,-1
31,46,668.33,149.00,121.00,85.00,0.47,-1,-1,-1
31,52,961.33,257.67,133.33,104.33,0.50,-1,-1,-1
32,46,681.67,153.58,133.67,86.75,0.49,-1,-1,-1
32,53,364.67,135.17,116.67,87.33,0.48,-1,-1,-1
32,54,895.33,164.00,85.33,66.00,0.43,-1,-1,-1
33,46,730.00,167.25,148.00,90.08,0.50,-1,-1,-1
33,55,27.75,260.50,255.25,189.50,0.49,-1,-1,-1
34,46,822.00,191.33,170.67,95.33,0.47,-1,-1,-1
35,46,970.67,218.17,185.33,98.67,0.48,-1,-1,-1
36,56,688.67,116.00,128.00,67.67,0.46,-1,-1,-1
36,57,1153.33,235.67,126.67,108.33,0.41,-1,-1,-1
37,58,772.00,121.42,120.00,61.58,0.43,-1,-1,-1
38,58,834.67,120.83,93.33,52.83,0.40,-1,-1,-1
38,59,1132.00,583.33,148.00,136.67,0.43,-1,-1,-1
39,60,974.00,299.83,166.67,132.83,0.47,-1,-1,-1
40,61,914.67,198.50,109.33,84.00,0.44,-1,-1,-1
41,62,1024.00,380.67,221.33,178.00,0.48,-1,-1,-1
42,63,941.33,234.83,125.33,94.67,0.49,-1,-1,-1
43,64,893.33,169.50,90.67,68.33,0.46,-1,-1,-1
44,65,292.50,469.67,342.83,250.33,0.48,-1,-1,-1
45,66,104.08,291.17,223.25,170.83,0.47,-1,-1,-1
46,67,0.00,188.00,130.17,117.67,0.50,-1,-1,-1
46,68,999.33,331.83,193.33,143.83,0.48,-1,-1,-1
47,69,224.33,469.33,338.67,250.67,0.49,-1,-1,-1
47,70,893.33,175.00,100.00,71.00,0.40,-1,-1,-1
48,71,70.08,305.33,227.58,157.33,0.48,-1,-1,-1
49,72,0.00,210.17,121.17,112.67,0.48,-1,-1,-1
50,73,138.50,459.33,292.83,260.67,0.49,-1,-1,-1
51,74,1040.67,405.33,238.67,214.00,0.49,-1,-1,-1
51,75,11.50,283.83,184.17,145.50,0.47,-1,-1,-1
52,76,908.00,205.33,118.67,94.00,0.47,-1,-1,-1
52,77,0.00,183.67,59.75,98.00,0.44,-1,-1,-1
53,78,239.33,401.33,281.33,230.67,0.49,-1,-1,-1
53,79,847.33,129.42,73.33,55.25,0.41,-1,-1,-1
54,80,79.58,257.83,194.08,134.17,0.48,-1,-1,-1
55,81,0.12,177.00,106.04,95.00,0.49,-1,-1,-1
55,82,342.00,408.33,284.67,228.67,0.49,-1,-1,-1
56,83,141.67,270.33,212.00,130.00,0.48,-1,-1,-1
57,84,12.67,191.17,146.17,94.00,0.50,-1,-1,-1
57,85,1077.33,428.33,202.67,253.00,0.46,-1,-1,-1
58,86,910.67,217.83,140.00,105.33,0.45,-1,-1,-1
59,87,830.67,133.83,84.00,71.00,0.43,-1,-1,-1
61,88,970.67,318.83,212.00,169.17,0.49,-1,-1,-1
61,89,369.33,435.67,316.67,234.67,0.48,-1,-1,-1
62,90,152.50,289.00,229.50,146.67,0.49,-1,-1,-1
62,91,878.00,183.00,116.00,94.00,0.47,-1,-1,-1
63,92,8.83,205.17,162.67,104.33,0.51,-1,-1,-1
64,93,0.04,152.58,36.92,66.75,0.41,-1,-1,-1
67,94,1210.67,206.50,69.33,103.33,0.41,-1,-1,-1
68,95,1094.67,225.00,166.67,112.67,0.50,-1,-1,-1
69,96,933.33,246.33,212.00,144.00,0.47,-1,-1,-1
70,97,716.67,279.33,274.67,208.67,0.46,-1,-1,-1
72,98,1144.00,150.08,136.00,178.92,0.44,-1,-1,-1
73,98,1025.33,150.58,252.00,211.75,0.43,-1,-1,-1
74,98,855.33,150.00,424.67,272.00,0.44,-1,-1,-1
75,98,584.67,158.33,588.00,412.00,0.27,-1,-1,-1
94,99,471.00,139.92,133.33,127.08,0.47,-1,-1,-1
95,100,318.00,214.50,216.00,208.83,0.41,-1,-1,-1
96,101,0.00,413.00,362.00,307.00,0.41,-1,-1,-1
97,102,326.33,158.67,132.00,99.67,0.42,-1,-1,-1
98,103,120.92,235.83,202.75,152.83,0.48,-1,-1,-1
98,104,301.83,126.83,107.83,87.00,0.47,-1,-1,-1
98,105,535.00,115.83,92.00,96.33,0.45,-1,-1,-1
99,106,213.50,160.42,141.17,103.25,0.48,-1,-1,-1
99,107,451.67,156.08,128.67,127.58,0.44,-1,-1,-1
99,108,474.00,103.67,80.00,54.67,0.42,-1,-1,-1
100,109,405.67,133.33,103.33,74.67,0.50,-1,-1,-1
100,110,265.50,246.33,216.50,228.00,0.48,-1,-1,-1
100,111,55.83,216.33,196.17,141.67,0.47,-1,-1,-1
101,112,304.83,174.67,142.50,97.00,0.51,-1,-1,-1
101,113,922.00,277.67,170.67,140.00,0.46,-1,-1,-1
102,114,133.33,249.67,210.00,149.00,0.49,-1,-1,-1
103,115,0.29,413.33,139.71,251.33,0.44,-1,-1,-1
104,116,279.17,296.00,218.17,185.33,0.48,-1,-1,-1
105,117,526.67,143.67,98.67,86.67,0.44,-1,-1,-1
106,118,382.67,241.50,168.00,148.83,0.45,-1,-1,-1
107,119,394.67,129.50,100.67,89.33,0.45,-1,-1,-1
108,120,181.67,214.50,181.33,142.83,0.46,-1,-1,-1
109,121,1028.00,407.33,240.00,200.00,0.47,-1,-1,-1
110,122,928.00,222.67,122.67,91.00,0.47,-1,-1,-1
111,123,860.67,255.00,140.00,112.33,0.49,-1,-1,-1
116,124,976.00,296.83,166.67,132.50,0.48,-1,-1,-1
117,125,886.00,156.42,80.00,67.25,0.47,-1,-1,-1
121,126,1045.33,407.67,233.33,246.00,0.48,-1,-1,-1
122,127,915.33,195.17,118.67,101.67,0.50,-1,-1,-1
124,128,1030.67,380.00,248.00,210.00,0.46,-1,-1,-1
125,129,910.67,182.17,109.33,98.00,0.48,-1,-1,-1
127,130,1042.67,371.00,228.00,186.00,0.47,-1,-1,-1
128,131,913.33,164.00,92.00,78.00,0.42,-1,-1,-1
129,132,337.33,588.33,258.67,131.67,0.42,-1,-1,-1
130,133,193.33,379.67,241.00,182.67,0.48,-1,-1,-1
131,134,80.08,266.83,178.25,122.50,0.48,-1,-1,-1
132,135,0.00,189.00,126.17,91.67,0.49,-1,-1,-1
133,136,114.00,245.00,293.33,310.00,0.41,-1,-1,-1
134,137,31.17,169.00,205.50,201.00,0.47,-1,-1,-1
136,138,214.83,405.00,257.17,200.00,0.47,-1,-1,-1
137,139,80.33,258.33,171.17,119.33,0.47,-1,-1,-1
138,140,129.17,435.67,300.17,249.67,0.49,-1,-1,-1
138,141,0.00,180.83,112.50,81.00,0.48,-1,-1,-1
139,142,0.21,272.67,168.29,136.00,0.46,-1,-1,-1
140,143,1034.67,344.00,221.33,178.00,0.48,-1,-1,-1
140,144,0.00,179.33,29.29,88.00,0.46,-1,-1,-1
141,145,936.67,211.50,125.33,102.00,0.49,-1,-1,-1
142,146,885.33,145.33,82.67,72.33,0.48,-1,-1,-1
143,147,1129.33,536.67,150.67,181.33,0.45,-1,-1,-1
144,148,982.00,287.17,172.00,137.50,0.47,-1,-1,-1
145,149,914.67,181.50,105.33,95.67,0.49,-1,-1,-1
186,150,417.67,122.67,96.00,69.67,0.46,-1,-1,-1
187,151,345.00,152.83,123.33,88.67,0.47,-1,-1,-1
188,152,224.50,203.67,167.83,116.00,0.47,-1,-1,-1
189,153,0.58,298.33,257.08,180.00,0.49,-1,-1,-1
190,154,479.33,146.83,104.67,121.33,0.51,-1,-1,-1
191,155,381.00,202.67,147.33,169.33,0.48,-1,-1,-1
191,156,542.67,130.75,89.33,78.58,0.41,-1,-1,-1
192,157,490.33,165.17,110.00,101.67,0.49,-1,-1,-1
192,158,137.00,332.67,266.33,282.67,0.48,-1,-1,-1
192,159,420.67,126.92,97.33,77.58,0.45,-1,-1,-1
193,160,384.67,230.33,156.67,136.33,0.49,-1,-1,-1
193,161,334.00,162.42,131.33,97.25,0.48,-1,-1,-1
193,162,545.67,133.33,88.67,76.00,0.41,-1,-1,-1
194,163,138.33,372.00,288.00,257.33,0.50,-1,-1,-1
194,164,176.33,230.83,190.67,136.50,0.47,-1,-1,-1
194,165,487.00,176.50,113.33,102.00,0.45,-1,-1,-1
194,166,591.00,89.25,68.00,61.67,0.42,-1,-1,-1
194,167,449.33,94.33,93.33,84.33,0.41,-1,-1,-1
195,168,557.67,112.50,78.67,77.67,0.50,-1,-1,-1
195,169,395.33,113.42,113.33,98.58,0.46,-1,-1,-1
195,170,358.33,259.83,176.67,163.50,0.44,-1,-1,-1
195,171,503.67,87.25,68.00,49.50,0.44,-1,-1,-1
195,172,0.00,371.67,164.83,266.00,0.43,-1,-1,-1
196,173,498.00,148.33,106.00,101.00,0.50,-1,-1,-1
196,174,468.33,103.00,80.00,59.67,0.46,-1,-1,-1
196,175,307.67,139.17,149.33,122.67,0.46,-1,-1,-1
196,176,68.33,488.00,298.00,227.33,0.42,-1,-1,-1
197,177,415.67,124.83,96.67,68.33,0.49,-1,-1,-1
197,178,382.67,212.83,158.00,154.50,0.49,-1,-1,-1
197,179,162.92,187.33,208.42,163.00,0.47,-1,-1,-1
198,180,1062.00,400.33,217.33,192.00,0.48,-1,-1,-1
198,181,337.67,154.75,123.33,88.58,0.48,-1,-1,-1
199,182,213.17,202.67,168.83,119.33,0.51,-1,-1,-1
199,183,948.00,222.67,120.00,92.33,0.48,-1,-1,-1
200,184,0.00,298.67,239.50,192.67,0.49,-1,-1,-1
200,185,1133.33,561.33,146.67,158.67,0.44,-1,-1,-1
200,186,551.33,110.00,82.67,81.67,0.42,-1,-1,-1
201,187,970.00,280.67,154.67,124.00,0.51,-1,-1,-1
201,188,303.00,164.83,138.67,104.67,0.48,-1,-1,-1
201,189,419.67,179.00,138.67,128.00,0.48,-1,-1,-1
202,190,899.33,175.67,93.33,74.00,0.47,-1,-1,-1
202,191,97.58,247.00,217.75,150.00,0.47,-1,-1,-1
202,192,498.00,143.50,117.33,116.00,0.47,-1,-1,-1
203,193,256.00,274.33,237.33,217.33,0.47,-1,-1,-1
203,194,465.33,95.50,82.00,69.00,0.46,-1,-1,-1
203,195,289.33,176.00,138.00,94.67,0.45,-1,-1,-1
204,196,1016.00,365.33,214.67,170.67,0.49,-1,-1,-1
204,197,394.33,125.33,105.33,81.00,0.48,-1,-1,-1
204,198,65.00,265.83,223.00,159.17,0.47,-1,-1,-1
204,199,534.00,137.17,90.67,87.33,0.45,-1,-1,-1
205,200,265.83,175.83,153.83,110.67,0.50,-1,-1,-1
205,201,918.67,211.33,110.67,84.00,0.49,-1,-1,-1
205,202,379.33,232.67,163.33,139.00,0.47,-1,-1,-1
206,203,1025.33,392.67,254.67,215.33,0.49,-1,-1,-1
206,204,398.33,131.33,104.67,76.67,0.46,-1,-1,-1
206,205,0.00,278.83,258.33,201.17,0.46,-1,-1,-1
206,206,2.58,544.00,277.75,171.33,0.45,-1,-1,-1
207,207,267.33,181.17,153.33,108.33,0.51,-1,-1,-1
207,208,922.00,213.33,137.33,105.67,0.47,-1,-1,-1
208,209,329.50,67.38,157.17,137.62,0.48,-1,-1,-1
208,210,2.75,287.67,262.58,180.67,0.48,-1,-1,-1
208,211,567.67,103.50,74.67,64.83,0.45,-1,-1,-1
209,212,493.67,147.33,110.00,93.67,0.48,-1,-1,-1
209,213,77.00,117.42,265.33,202.58,0.42,-1,-1,-1
210,214,327.33,237.67,192.67,151.67,0.48,-1,-1,-1
211,215,3.17,463.00,267.67,253.67,0.48,-1,-1,-1
219,216,1034.00,351.00,196.00,154.00,0.47,-1,-1,-1
220,217,945.33,214.33,113.33,90.00,0.49,-1,-1,-1
220,218,315.00,524.33,316.67,195.67,0.46,-1,-1,-1
221,219,124.50,302.67,216.33,160.67,0.46,-1,-1,-1
222,220,0.12,192.00,120.88,95.00,0.50,-1,-1,-1
223,221,1127.33,322.00,152.00,125.33,0.47,-1,-1,-1
224,222,159.50,372.00,257.17,193.33,0.48,-1,-1,-1
225,223,18.50,242.00,172.33,118.67,0.50,-1,-1,-1
225,224,980.67,364.67,209.33,182.67,0.49,-1,-1,-1
226,225,891.33,195.17,101.33,79.00,0.49,-1,-1,-1
226,226,0.00,164.17,49.92,82.67,0.45,-1,-1,-1
228,227,245.67,404.00,308.00,251.33,0.49,-1,-1,-1
229,228,1170.67,328.50,109.33,137.17,0.47,-1,-1,-1
229,229,59.17,256.17,214.33,154.17,0.47,-1,-1,-1
230,230,1060.00,223.00,136.00,96.00,0.47,-1,-1,-1
230,231,0.21,177.17,83.33,99.33,0.46,-1,-1,-1
231,232,117.92,352.67,240.75,204.00,0.49,-1,-1,-1
231,233,1142.67,501.67,136.00,214.33,0.46,-1,-1,-1
232,234,0.54,225.50,155.12,123.17,0.51,-1,-1,-1
232,235,389.00,480.67,327.67,239.33,0.48,-1,-1,-1
232,236,1000.67,285.67,178.67,136.00,0.47,-1,-1,-1
233,236,978.67,329.50,221.33,171.83,0.49,-1,-1,-1
233,237,177.50,291.67,224.50,142.00,0.48,-1,-1,-1
233,238,930.67,188.17,116.00,94.33,0.47,-1,-1,-1
234,236,890.00,138.42,84.00,54.42,0.38,-1,-1,-1
234,239,20.04,195.50,157.12,98.33,0.49,-1,-1,-1
234,240,856.00,189.00,120.00,92.67,0.48,-1,-1,-1
234,241,1101.33,589.67,178.67,130.33,0.42,-1,-1,-1
235,242,937.33,307.67,177.33,140.00,0.48,-1,-1,-1
236,243,862.00,191.17,105.33,84.00,0.50,-1,-1,-1
238,244,872.00,227.33,144.00,118.67,0.50,-1,-1,-1
252,245,1150.00,186.67,130.00,65.33,0.45,-1,-1,-1
253,246,1046.00,166.67,152.00,63.67,0.50,-1,-1,-1
255,247,900.67,121.25,94.67,51.42,0.41,-1,-1,-1
266,248,1089.33,279.33,170.67,121.33,0.43,-1,-1,-1
267,249,834.00,350.00,257.33,187.33,0.46,-1,-1,-1
274,250,437.00,105.67,94.00,82.67,0.45,-1,-1,-1
275,251,355.33,136.42,118.67,95.58,0.48,-1,-1,-1
275,252,540.67,126.17,80.67,88.67,0.48,-1,-1,-1
276,253,471.00,166.67,108.00,121.67,0.51,-1,-1,-1
276,254,198.33,192.33,175.33,142.67,0.48,-1,-1,-1
277,255,400.67,136.42,101.33,80.75,0.49,-1,-1,-1
277,256,311.67,261.00,180.00,196.67,0.47,-1,-1,-1
277,257,0.33,323.50,160.00,273.17,0.43,-1,-1,-1
278,258,261.83,192.67,155.50,107.67,0.51,-1,-1,-1
279,259,459.00,189.00,119.33,112.00,0.49,-1,-1,-1
279,260,0.00,322.33,237.67,199.33,0.48,-1,-1,-1
280,261,187.50,360.67,259.83,257.33,0.47,-1,-1,-1
280,262,384.67,141.75,112.00,86.92,0.46,-1,-1,-1
281,263,214.67,217.67,179.67,130.00,0.46,-1,-1,-1
284,264,967.33,278.17,168.00,136.83,0.48,-1,-1,-1
284,265,451.67,100.75,85.33,63.00,0.41,-1,-1,-1
285,266,319.67,143.67,132.00,98.33,0.49,-1,-1,-1
285,267,981.33,395.33,248.00,195.33,0.48,-1,-1,-1
285,268,892.00,157.75,92.00,79.25,0.47,-1,-1,-1
286,269,37.42,242.83,240.58,175.17,0.49,-1,-1,-1
286,270,858.00,193.33,109.33,91.67,0.47,-1,-1,-1
286,271,542.33,120.00,90.00,90.33,0.46,-1,-1,-1
287,272,425.67,116.75,92.00,64.75,0.44,-1,-1,-1
287,273,417.33,187.00,146.00,135.33,0.43,-1,-1,-1
288,274,255.67,180.67,148.33,103.00,0.48,-1,-1,-1
289,275,0.38,350.33,142.62,228.67,0.43,-1,-1,-1
289,276,556.33,110.83,80.67,76.50,0.40,-1,-1,-1
290,277,450.67,177.33,128.00,118.33,0.46,-1,-1,-1
290,278,364.00,141.83,116.67,84.33,0.44,-1,-1,-1
291,279,134.50,237.00,203.67,135.33,0.45,-1,-1,-1
291,280,113.50,361.33,308.50,307.33,0.45,-1,-1,-1
292,281,1078.67,396.00,201.33,200.00,0.49,-1,-1,-1
293,282,965.33,228.67,137.33,110.67,0.46,-1,-1,-1
294,283,1026.67,406.67,250.67,199.33,0.45,-1,-1,-1
294,284,908.67,154.33,89.33,75.00,0.41,-1,-1,-1
295,285,929.33,230.83,130.67,102.00,0.48,-1,-1,-1
295,286,534.67,121.42,87.33,85.25,0.47,-1,-1,-1
296,287,388.33,205.33,156.00,142.33,0.46,-1,-1,-1
297,288,3.25,507.67,271.08,211.00,0.47,-1,-1,-1
299,289,1035.33,351.00,212.00,168.67,0.49,-1,-1,-1
300,290,1095.33,506.00,184.00,214.00,0.47,-1,-1,-1
300,291,942.67,209.33,114.67,86.67,0.46,-1,-1,-1
301,292,946.67,260.00,138.67,108.00,0.49,-1,-1,-1
302,293,862.67,158.00,89.33,69.67,0.45,-1,-1,-1
302,294,1160.00,575.33,120.00,144.67,0.41,-1,-1,-1
303,295,973.33,270.33,161.33,119.33,0.48,-1,-1,-1
304,296,897.33,160.50,94.67,72.33,0.45,-1,-1,-1
305,297,988.67,256.83,134.67,109.17,0.48,-1,-1,-1
308,298,976.00,283.83,162.67,124.17,0.50,-1,-1,-1
309,299,893.33,169.33,96.00,68.67,0.48,-1,-1,-1
309,300,986.67,305.00,249.33,199.33,0.46,-1,-1,-1
313,301,1019.33,363.00,224.00,178.00,0.48,-1,-1,-1
314,302,932.00,212.00,118.67,93.33,0.49,-1,-1,-1
315,303,887.33,143.58,78.67,61.42,0.43,-1,-1,-1
316,304,249.33,462.00,363.33,258.00,0.47,-1,-1,-1
317,305,80.83,308.17,236.00,157.83,0.48,-1,-1,-1
318,306,0.17,210.00,134.75,115.67,0.49,-1,-1,-1
319,307,289.67,428.00,314.00,276.00,0.48,-1,-1,-1
320,308,146.42,292.17,231.58,168.17,0.48,-1,-1,-1
321,309,15.58,205.67,177.08,123.33,0.49,-1,-1,-1
322,310,0.00,146.00,48.62,99.00,0.42,-1,-1,-1
357,311,0.79,171.67,125.88,106.67,0.47,-1,-1,-1
358,312,159.42,191.83,254.25,115.67,0.48,-1,-1,-1
359,313,497.33,203.50,260.00,117.67,0.49,-1,-1,-1
360,314,824.00,217.83,242.67,111.00,0.48,-1,-1,-1
361,315,467.67,283.00,334.33,182.00,0.45,-1,-1,-1
364,316,221.33,233.00,207.33,127.00,0.42,-1,-1,-1
365,317,531.00,282.33,303.67,166.00,0.45,-1,-1,-1
366,318,1004.67,325.67,273.33,164.67,0.42,-1,-1,-1
370,319,255.00,240.67,258.00,139.33,0.46,-1,-1,-1
371,320,213.00,320.67,327.33,193.33,0.48,-1,-1,-1
378,321,0.00,196.00,142.33,84.33,0.47,-1,-1,-1
379,322,115.67,221.33,175.67,102.00,0.43,-1,-1,-1
380,323,222.33,244.67,204.00,116.67,0.47,-1,-1,-1
381,323,303.00,261.83,226.00,127.83,0.48,-1,-1,-1
381,324,0.00,266.50,171.00,131.17,0.42,-1,-1,-1
382,323,340.83,269.67,241.17,134.67,0.48,-1,-1,-1
382,324,37.83,289.67,234.83,142.67,0.46,-1,-1,-1
383,323,346.67,271.00,240.67,135.00,0.45,-1,-1,-1
383,324,96.58,306.67,253.08,152.00,0.47,-1,-1,-1
383,325,1170.67,212.50,109.33,86.33,0.48,-1,-1,-1
384,323,347.33,270.83,240.67,137.83,0.45,-1,-1,-1
384,324,122.50,314.67,258.17,162.67,0.48,-1,-1,-1
384,326,946.67,227.00,220.00,82.00,0.47,-1,-1,-1
385,323,346.67,267.00,240.67,140.00,0.46,-1,-1,-1
385,324,123.83,314.83,258.17,165.17,0.48,-1,-1,-1
385,327,659.67,227.67,221.67,75.00,0.44,-1,-1,-1
386,323,346.67,272.33,241.33,136.67,0.46,-1,-1,-1
386,324,123.75,315.00,259.25,163.33,0.48,-1,-1,-1
386,328,404.67,204.33,178.67,69.00,0.49,-1,-1,-1
387,323,346.33,270.83,240.67,138.17,0.46,-1,-1,-1
387,324,124.00,314.83,258.67,163.50,0.48,-1,-1,-1
387,329,217.33,181.00,130.00,59.33,0.46,-1,-1,-1
388,323,346.67,271.33,240.00,138.00,0.46,-1,-1,-1
388,324,123.83,315.00,258.83,164.00,0.47,-1,-1,-1
389,323,347.00,271.17,239.33,138.17,0.46,-1,-1,-1
389,324,124.17,315.17,258.50,164.17,0.47,-1,-1,-1
390,323,346.67,271.33,240.67,138.00,0.46,-1,-1,-1
390,324,123.75,315.00,259.58,164.00,0.47,-1,-1,-1
391,323,346.67,271.17,241.33,137.50,0.45,-1,-1,-1
391,324,124.25,315.00,259.08,164.67,0.47,-1,-1,-1
392,323,346.67,271.50,241.33,136.83,0.45,-1,-1,-1
392,324,124.00,315.00,258.67,164.67,0.47,-1,-1,-1
393,323,346.67,271.33,240.00,137.33,0.46,-1,-1,-1
393,324,124.00,315.00,259.00,164.67,0.47,-1,-1,-1
394,323,346.67,271.17,240.00,137.50,0.46,-1,-1,-1
394,324,124.08,315.00,259.25,164.00,0.47,-1,-1,-1
395,323,346.67,271.17,240.00,137.50,0.46,-1,-1,-1
395,324,123.92,315.00,259.42,164.67,0.47,-1,-1,-1
396,323,347.00,271.00,238.67,138.00,0.46,-1,-1,-1
396,324,124.50,315.33,258.17,164.67,0.47,-1,-1,-1
397,323,347.33,271.33,239.33,137.33,0.46,-1,-1,-1
397,324,124.25,315.00,258.08,162.67,0.48,-1,-1,-1
398,323,346.67,271.33,240.67,138.67,0.46,-1,-1,-1
398,324,125.83,316.33,259.50,162.00,0.47,-1,-1,-1
399,323,347.00,270.50,240.67,147.83,0.46,-1,-1,-1
399,324,147.25,323.00,271.75,168.00,0.47,-1,-1,-1
400,323,346.00,271.00,240.00,131.33,0.47,-1,-1,-1
400,324,211.33,342.67,307.33,181.33,0.46,-1,-1,-1
401,323,355.67,273.33,244.67,134.67,0.48,-1,-1,-1
401,324,354.67,387.33,370.67,187.33,0.47,-1,-1,-1
402,323,382.00,278.83,254.67,139.83,0.48,-1,-1,-1
402,324,595.67,481.00,616.33,239.00,0.24,-1,-1,-1
403,323,422.67,286.00,268.67,147.33,0.45,-1,-1,-1
404,323,470.67,296.67,288.67,153.33,0.49,-1,-1,-1
405,323,538.33,310.17,305.67,161.50,0.49,-1,-1,-1
405,330,782.00,276.83,302.67,96.50,0.45,-1,-1,-1
406,323,601.33,325.50,326.67,168.17,0.49,-1,-1,-1
406,331,433.00,216.00,197.33,78.67,0.44,-1,-1,-1
407,323,658.00,330.67,345.33,173.33,0.49,-1,-1,-1
407,332,894.00,236.33,270.67,95.67,0.45,-1,-1,-1
407,333,192.83,180.67,141.00,61.00,0.42,-1,-1,-1
408,323,706.00,336.67,358.67,176.67,0.49,-1,-1,-1
409,323,746.67,344.00,374.67,179.33,0.49,-1,-1,-1
410,323,813.33,351.00,397.33,190.67,0.45,-1,-1,-1
410,334,784.67,237.83,237.33,78.33,0.41,-1,-1,-1
411,335,438.00,190.83,174.00,63.33,0.46,-1,-1,-1
414,336,210.50,172.83,140.17,64.67,0.45,-1,-1,-1
436,337,384.33,267.00,295.33,160.67,0.47,-1,-1,-1
437,338,722.00,319.67,404.00,191.33,0.46,-1,-1,-1
438,339,1122.67,341.00,157.33,176.00,0.44,-1,-1,-1
439,340,512.00,310.00,328.00,182.67,0.43,-1,-1,-1
453,341,1133.33,208.67,146.67,91.33,0.45,-1,-1,-1
454,342,940.00,226.67,202.67,79.33,0.47,-1,-1,-1
455,343,725.33,219.00,189.33,75.33,0.45,-1,-1,-1
456,344,540.00,200.00,172.00,68.00,0.45,-1,-1,-1
457,345,380.33,180.67,130.67,58.33,0.44,-1,-1,-1
460,346,206.33,254.67,208.33,111.67,0.46,-1,-1,-1
461,347,295.17,273.17,238.17,126.83,0.47,-1,-1,-1
462,347,333.33,283.50,247.33,131.83,0.47,-1,-1,-1
462,348,1157.33,220.00,122.67,93.00,0.47,-1,-1,-1
463,347,340.17,285.00,245.83,131.33,0.47,-1,-1,-1
463,349,958.00,234.50,246.67,84.33,0.47,-1,-1,-1
464,347,340.00,285.17,245.33,131.83,0.47,-1,-1,-1
464,350,736.00,228.17,200.00,80.00,0.45,-1,-1,-1
465,347,340.00,285.00,246.00,132.00,0.47,-1,-1,-1
465,351,508.00,205.00,176.67,70.67,0.46,-1,-1,-1
466,347,340.17,285.00,245.83,132.00,0.47,-1,-1,-1
466,352,334.00,182.33,138.00,57.67,0.44,-1,-1,-1
467,347,341.00,285.33,248.67,132.00,0.48,-1,-1,-1
468,347,364.67,290.67,256.67,132.67,0.46,-1,-1,-1
469,347,462.67,311.67,302.00,148.00,0.48,-1,-1,-1
470,347,706.67,362.33,377.33,190.67,0.48,-1,-1,-1
470,353,0.75,257.67,217.92,147.67,0.42,-1,-1,-1
471,354,106.08,286.17,271.92,173.83,0.47,-1,-1,-1
472,355,274.17,329.33,329.83,212.00,0.49,-1,-1,-1
474,356,93.67,379.00,318.00,210.00,0.46,-1,-1,-1
474,357,1165.33,290.33,114.67,93.33,0.42,-1,-1,-1
476,358,449.33,197.00,174.00,62.67,0.44,-1,-1,-1
477,359,211.33,343.67,324.67,180.67,0.48,-1,-1,-1
477,360,237.50,167.42,134.50,52.08,0.43,-1,-1,-1
491,361,340.50,180.00,158.17,58.00,0.41,-1,-1,-1
499,362,903.33,251.67,268.00,89.67,0.40,-1,-1,-1
512,363,1197.33,218.00,82.67,84.67,0.43,-1,-1,-1
513,363,1058.67,225.33,221.33,80.33,0.46,-1,-1,-1
514,364,875.33,224.00,220.00,77.33,0.44,-1,-1,-1
515,365,666.33,211.00,201.67,72.67,0.43,-1,-1,-1
516,366,489.67,196.00,167.33,63.67,0.46,-1,-1,-1
517,367,339.67,177.00,136.67,56.00,0.44,-1,-1,-1
522,368,0.25,251.17,174.08,152.17,0.41,-1,-1,-1
523,369,48.58,281.00,248.75,163.33,0.45,-1,-1,-1
524,369,93.08,294.67,266.25,182.67,0.48,-1,-1,-1
525,369,96.67,296.67,265.33,182.67,0.48,-1,-1,-1
526,369,97.08,297.00,263.92,180.67,0.48,-1,-1,-1
526,370,37.33,202.00,172.67,96.00,0.43,-1,-1,-1
527,369,96.08,297.33,266.25,180.00,0.48,-1,-1,-1
527,371,137.83,222.33,183.33,97.33,0.48,-1,-1,-1
528,369,96.17,297.67,263.83,180.00,0.49,-1,-1,-1
528,372,220.83,241.00,215.17,122.33,0.46,-1,-1,-1
529,369,95.92,296.33,267.75,182.00,0.48,-1,-1,-1
529,372,276.83,251.50,231.83,139.50,0.48,-1,-1,-1
529,373,1204.00,209.50,76.00,80.33,0.44,-1,-1,-1
530,369,96.08,296.67,264.58,182.00,0.48,-1,-1,-1
530,372,310.00,258.33,242.67,146.33,0.47,-1,-1,-1
530,374,934.00,221.83,229.33,80.67,0.43,-1,-1,-1
531,369,96.58,296.67,262.75,184.00,0.49,-1,-1,-1
531,372,325.50,263.00,250.50,147.00,0.47,-1,-1,-1
531,375,0.33,196.50,109.33,78.00,0.41,-1,-1,-1
532,369,96.75,296.00,263.25,186.67,0.49,-1,-1,-1
532,372,330.50,265.17,250.17,146.50,0.49,-1,-1,-1
532,375,26.38,211.33,167.12,85.00,0.39,-1,-1,-1
532,376,336.00,196.67,176.00,61.67,0.46,-1,-1,-1
533,369,96.75,298.33,263.25,192.67,0.49,-1,-1,-1
533,372,335.50,265.67,252.50,146.67,0.48,-1,-1,-1
533,375,61.67,217.83,171.17,83.67,0.46,-1,-1,-1
534,369,96.50,298.83,263.50,186.50,0.49,-1,-1,-1
534,372,340.67,266.33,260.67,148.67,0.45,-1,-1,-1
534,377,68.83,219.33,174.33,87.33,0.40,-1,-1,-1
535,369,101.33,299.33,267.33,187.33,0.48,-1,-1,-1
535,372,353.00,269.00,266.00,150.00,0.48,-1,-1,-1
535,377,69.92,219.67,175.42,94.00,0.43,-1,-1,-1
535,378,0.62,238.50,119.88,138.17,0.41,-1,-1,-1
536,369,132.33,306.83,282.67,197.83,0.47,-1,-1,-1
536,372,375.33,273.83,276.00,153.83,0.48,-1,-1,-1
536,377,67.75,220.33,177.58,97.00,0.46,-1,-1,-1
536,378,0.21,237.50,144.29,147.17,0.38,-1,-1,-1
537,369,252.67,341.67,338.00,258.00,0.46,-1,-1,-1
537,372,420.00,281.00,284.00,159.33,0.47,-1,-1,-1
537,377,68.17,219.83,178.33,94.33,0.43,-1,-1,-1
537,378,0.38,255.17,165.96,145.17,0.23,-1,-1,-1
538,369,568.67,434.00,489.33,285.33,0.21,-1,-1,-1
538,372,490.33,293.33,327.67,155.33,0.49,-1,-1,-1
538,377,70.75,219.83,175.58,94.00,0.33,-1,-1,-1
538,379,0.67,258.67,228.17,153.67,0.44,-1,-1,-1
539,372,655.33,312.17,361.33,166.50,0.49,-1,-1,-1
539,377,93.58,223.33,174.08,91.33,0.36,-1,-1,-1
539,380,85.17,287.17,280.83,164.17,0.47,-1,-1,-1
540,377,153.83,237.33,187.50,106.00,0.48,-1,-1,-1
540,381,920.00,314.67,360.00,156.67,0.50,-1,-1,-1
540,382,278.67,331.00,370.67,247.33,0.46,-1,-1,-1
541,377,272.17,263.83,240.50,128.83,0.47,-1,-1,-1
542,377,538.33,321.17,305.67,161.17,0.47,-1,-1,-1
542,383,7.42,220.33,173.58,99.00,0.43,-1,-1,-1
543,384,155.42,250.50,219.58,120.17,0.46,-1,-1,-1
544,385,389.33,304.17,306.00,150.17,0.47,-1,-1,-1
551,375,61.67,217.83,171.17,83.67,0.38,-1,-1,-1
554,386,44.33,276.33,245.67,162.67,0.41,-1,-1,-1
574,375,61.67,217.83,171.17,83.67,0.38,-1,-1,-1
575,387,934.00,240.00,256.00,100.67,0.42,-1,-1,-1
577,388,520.67,227.50,214.00,83.00,0.44,-1,-1,-1
583,389,150.92,226.00,200.42,119.00,0.41,-1,-1,-1
584,390,261.67,248.67,233.33,135.67,0.46,-1,-1,-1
585,390,329.67,255.67,249.33,154.33,0.47,-1,-1,-1
586,390,350.33,261.67,255.33,155.33,0.47,-1,-1,-1
587,390,351.00,262.83,255.33,154.50,0.48,-1,-1,-1
588,390,351.67,263.00,254.00,154.67,0.48,-1,-1,-1
589,390,351.33,262.67,260.00,155.33,0.48,-1,-1,-1
590,390,351.00,263.00,259.33,155.33,0.48,-1,-1,-1
591,390,350.67,262.33,259.33,155.33,0.48,-1,-1,-1
592,390,351.00,262.33,259.33,155.33,0.48,-1,-1,-1
592,391,1050.00,218.67,212.00,78.67,0.47,-1,-1,-1
593,390,350.67,265.33,261.33,152.67,0.48,-1,-1,-1
593,392,836.67,220.50,209.33,72.33,0.44,-1,-1,-1
594,390,351.00,262.67,260.67,155.33,0.48,-1,-1,-1
594,393,1099.33,213.17,180.67,94.00,0.47,-1,-1,-1
594,394,640.67,207.33,185.33,68.00,0.45,-1,-1,-1
595,390,351.00,263.67,258.67,154.00,0.48,-1,-1,-1
595,395,850.00,223.67,242.67,85.33,0.46,-1,-1,-1
595,396,470.67,189.67,147.33,60.00,0.45,-1,-1,-1
596,390,351.67,266.50,258.67,151.83,0.48,-1,-1,-1
596,397,559.33,215.50,216.00,76.00,0.45,-1,-1,-1
596,398,318.00,172.17,142.00,53.67,0.41,-1,-1,-1
597,390,352.00,266.33,254.67,152.00,0.48,-1,-1,-1
597,398,311.00,187.50,169.33,66.33,0.46,-1,-1,-1
598,390,351.67,264.83,254.67,153.83,0.48,-1,-1,-1
599,390,351.00,264.33,254.00,154.00,0.48,-1,-1,-1
600,390,351.00,264.83,253.33,153.17,0.48,-1,-1,-1
601,390,351.33,265.83,256.67,152.17,0.48,-1,-1,-1
602,390,351.33,265.67,256.00,152.67,0.48,-1,-1,-1
603,390,351.33,265.33,256.00,153.33,0.48,-1,-1,-1
604,390,352.67,265.33,256.00,153.33,0.48,-1,-1,-1
605,390,369.33,268.83,262.00,153.83,0.47,-1,-1,-1
606,390,415.67,279.00,277.67,154.00,0.46,-1,-1,-1
607,390,484.33,289.00,301.67,169.33,0.49,-1,-1,-1
608,390,569.33,307.00,329.33,175.33,0.49,-1,-1,-1
609,390,673.33,323.33,361.33,183.33,0.49,-1,-1,-1
609,399,1040.00,307.50,240.00,131.83,0.44,-1,-1,-1
610,390,792.00,336.00,393.33,196.00,0.48,-1,-1,-1
610,400,596.67,242.33,229.33,89.33,0.46,-1,-1,-1
611,390,906.67,349.00,373.33,203.33,0.48,-1,-1,-1
611,401,976.00,232.00,220.00,103.00,0.43,-1,-1,-1
611,402,307.33,196.50,161.33,72.33,0.43,-1,-1,-1
612,403,1010.67,364.00,269.33,190.67,0.48,-1,-1,-1
613,403,1099.33,376.00,180.00,180.67,0.44,-1,-1,-1
613,404,848.00,251.33,236.00,81.67,0.46,-1,-1,-1
614,403,1162.67,382.00,117.33,183.33,0.45,-1,-1,-1
614,405,564.00,212.00,167.33,68.33,0.44,-1,-1,-1
615,406,353.67,184.83,138.67,57.00,0.44,-1,-1,-1
616,407,904.67,239.67,285.33,99.33,0.42,-1,-1,-1
617,408,593.33,199.83,185.33,80.33,0.43,-1,-1,-1
618,409,362.00,171.50,152.00,66.67,0.43,-1,-1,-1
619,410,782.00,235.00,242.67,80.33,0.41,-1,-1,-1
620,411,483.00,196.67,172.00,66.00,0.46,-1,-1,-1
621,412,286.67,170.67,133.33,54.67,0.44,-1,-1,-1
622,413,855.33,249.00,252.00,82.33,0.45,-1,-1,-1
623,414,549.00,206.67,183.67,71.00,0.43,-1,-1,-1
624,415,335.67,179.33,138.00,57.33,0.41,-1,-1,-1
625,416,193.67,315.33,306.67,165.33,0.41,-1,-1,-1
627,417,114.33,326.67,296.33,161.33,0.42,-1,-1,-1
650,418,0.00,262.33,114.67,126.00,0.41,-1,-1,-1
651,419,15.75,295.67,236.92,146.00,0.47,-1,-1,-1
652,419,77.00,314.50,257.33,156.17,0.48,-1,-1,-1
653,419,89.67,319.50,262.67,159.17,0.48,-1,-1,-1
654,419,89.83,319.67,262.17,157.33,0.48,-1,-1,-1
655,419,91.00,318.33,261.67,166.00,0.48,-1,-1,-1
655,420,0.40,189.00,81.02,73.67,0.40,-1,-1,-1
656,419,90.83,318.00,262.50,165.33,0.48,-1,-1,-1
656,421,1126.67,215.50,153.33,90.00,0.45,-1,-1,-1
656,422,45.17,211.33,171.00,86.33,0.42,-1,-1,-1
657,419,90.83,319.33,261.17,166.00,0.48,-1,-1,-1
657,423,155.08,232.17,187.25,98.00,0.47,-1,-1,-1
657,424,960.67,227.00,214.67,84.00,0.46,-1,-1,-1
658,419,91.33,318.67,260.33,169.33,0.48,-1,-1,-1
658,425,251.00,251.83,220.00,112.83,0.48,-1,-1,-1
658,426,751.33,223.17,202.67,76.00,0.43,-1,-1,-1
659,419,92.50,318.83,259.50,166.50,0.48,-1,-1,-1
659,425,323.67,265.00,237.33,126.00,0.48,-1,-1,-1
659,427,546.67,209.17,171.33,69.00,0.48,-1,-1,-1
660,419,89.83,318.67,262.17,168.67,0.48,-1,-1,-1
660,425,355.33,273.67,252.00,129.67,0.48,-1,-1,-1
660,428,393.00,190.17,136.67,58.33,0.48,-1,-1,-1
661,419,90.83,318.67,261.17,170.00,0.48,-1,-1,-1
661,425,361.00,273.67,249.33,130.67,0.47,-1,-1,-1
661,429,253.50,171.00,114.50,52.33,0.45,-1,-1,-1
662,419,90.00,318.83,261.67,170.50,0.48,-1,-1,-1
662,425,361.33,273.67,248.67,130.67,0.48,-1,-1,-1
662,430,0.17,255.83,117.17,112.83,0.41,-1,-1,-1
663,419,90.00,318.83,261.33,170.50,0.48,-1,-1,-1
663,425,360.67,273.33,250.67,131.33,0.47,-1,-1,-1
663,430,0.21,256.33,116.96,113.33,0.42,-1,-1,-1
664,419,90.33,318.83,261.33,169.83,0.48,-1,-1,-1
664,425,361.33,274.00,248.00,130.67,0.48,-1,-1,-1
664,430,0.25,256.67,117.50,113.00,0.42,-1,-1,-1
665,419,90.33,318.33,261.67,171.33,0.48,-1,-1,-1
665,425,361.33,273.67,251.33,131.33,0.47,-1,-1,-1
665,430,0.38,258.17,118.46,111.50,0.42,-1,-1,-1
666,419,90.50,318.33,261.50,172.00,0.48,-1,-1,-1
666,425,361.33,273.83,247.33,131.17,0.48,-1,-1,-1
666,430,0.33,257.67,117.17,111.67,0.42,-1,-1,-1
667,419,95.58,320.00,262.75,171.33,0.48,-1,-1,-1
667,425,361.33,273.67,250.00,131.33,0.47,-1,-1,-1
667,430,0.29,257.33,119.21,112.33,0.41,-1,-1,-1
668,419,116.50,325.67,266.83,174.00,0.49,-1,-1,-1
668,425,362.00,274.00,248.67,131.33,0.47,-1,-1,-1
668,430,0.25,255.67,126.75,114.33,0.35,-1,-1,-1
669,419,143.50,333.67,277.17,180.00,0.47,-1,-1,-1
669,425,362.00,273.83,248.67,131.17,0.47,-1,-1,-1
669,430,0.00,258.17,138.67,116.17,0.34,-1,-1,-1
670,419,168.25,343.67,287.08,174.00,0.49,-1,-1,-1
670,425,361.33,273.50,250.00,130.83,0.47,-1,-1,-1
670,430,0.00,262.17,147.25,118.50,0.38,-1,-1,-1
671,419,204.00,351.67,304.00,193.33,0.48,-1,-1,-1
671,425,362.00,273.33,250.67,131.33,0.47,-1,-1,-1
671,430,0.42,263.00,156.25,121.67,0.32,-1,-1,-1
672,419,267.67,375.67,334.67,197.33,0.50,-1,-1,-1
672,425,373.00,274.67,258.67,129.33,0.48,-1,-1,-1
672,430,1.17,261.83,162.42,124.83,0.33,-1,-1,-1
673,419,413.33,417.33,418.00,246.00,0.47,-1,-1,-1
673,425,402.67,282.17,270.67,134.50,0.48,-1,-1,-1
673,430,0.00,268.83,197.67,128.83,0.40,-1,-1,-1
674,425,447.67,290.33,282.33,139.33,0.48,-1,-1,-1
674,430,44.58,294.17,249.42,143.50,0.45,-1,-1,-1
675,425,508.67,303.00,292.67,147.33,0.48,-1,-1,-1
675,430,186.33,337.50,310.67,168.50,0.41,-1,-1,-1
676,425,576.33,317.67,319.00,150.67,0.49,-1,-1,-1
677,425,666.67,327.50,342.67,164.17,0.50,-1,-1,-1
677,431,390.00,201.00,180.67,83.67,0.44,-1,-1,-1
678,425,740.00,339.00,377.33,170.67,0.48,-1,-1,-1
678,432,172.50,169.17,137.67,68.67,0.44,-1,-1,-1
679,425,807.33,349.67,389.33,174.67,0.48,-1,-1,-1
680,425,853.33,353.00,408.00,177.33,0.46,-1,-1,-1
681,425,884.00,358.00,396.00,178.00,0.45,-1,-1,-1
682,425,912.00,361.00,368.00,180.00,0.48,-1,-1,-1
683,425,935.33,362.67,344.67,179.33,0.48,-1,-1,-1
684,425,961.33,365.33,317.33,180.00,0.48,-1,-1,-1
685,425,1014.00,368.33,265.33,175.33,0.47,-1,-1,-1
686,433,1102.00,372.33,177.33,162.67,0.44,-1,-1,-1
692,434,590.00,237.33,240.00,89.00,0.40,-1,-1,-1
703,435,295.33,158.33,138.00,70.00,0.41,-1,-1,-1
718,436,242.33,238.17,226.00,134.17,0.45,-1,-1,-1
719,437,352.00,255.67,252.00,151.67,0.48,-1,-1,-1
720,437,405.33,266.50,272.00,153.17,0.49,-1,-1,-1
722,438,0.33,397.00,123.25,168.00,0.47,-1,-1,-1
723,439,958.67,440.00,321.33,166.00,0.49,-1,-1,-1
724,440,634.00,343.67,149.33,76.00,0.49,-1,-1,-1
725,441,782.00,420.00,362.67,192.00,0.49,-1,-1,-1
725,442,521.67,313.00,76.67,44.33,0.48,-1,-1,-1
726,443,524.00,331.50,120.67,73.17,0.49,-1,-1,-1
726,444,467.00,299.17,46.00,29.67,0.48,-1,-1,-1
727,445,440.33,303.67,63.33,43.33,0.48,-1,-1,-1
735,446,0.17,393.33,96.50,166.00,0.47,-1,-1,-1
747,447,0.00,397.67,107.50,182.67,0.45,-1,-1,-1
752,448,871.33,398.00,344.00,158.67,0.48,-1,-1,-1
753,449,531.33,309.67,93.33,54.00,0.48,-1,-1,-1
754,450,449.67,292.67,46.00,30.33,0.41,-1,-1,-1
761,451,548.33,324.17,108.00,62.17,0.48,-1,-1,-1
762,452,446.67,297.17,46.67,30.33,0.43,-1,-1,-1
775,453,36.29,356.67,118.54,102.67,0.43,-1,-1,-1
776,454,0.00,381.67,121.00,148.67,0.47,-1,-1,-1
777,454,0.58,407.33,92.17,180.67,0.42,-1,-1,-1
777,455,890.67,390.33,272.00,140.67,0.48,-1,-1,-1
778,456,686.67,336.50,158.67,91.50,0.49,-1,-1,-1
779,457,570.67,312.50,97.33,60.17,0.49,-1,-1,-1
780,458,502.00,299.67,63.33,43.00,0.50,-1,-1,-1
813,459,0.00,359.00,151.00,153.33,0.47,-1,-1,-1
818,460,600.67,346.00,221.33,130.67,0.48,-1,-1,-1
819,461,472.00,309.33,95.33,65.33,0.49,-1,-1,-1
820,462,420.00,295.33,55.33,41.00,0.41,-1,-1,-1
823,463,598.67,333.67,177.33,115.33,0.48,-1,-1,-1
824,464,473.33,302.50,70.67,49.83,0.49,-1,-1,-1
825,465,842.00,402.33,290.67,155.33,0.45,-1,-1,-1
826,466,538.00,316.33,81.33,51.33,0.49,-1,-1,-1
827,467,458.33,296.83,42.00,28.33,0.44,-1,-1,-1
843,468,42.50,305.83,78.75,36.17,0.41,-1,-1,-1
844,469,0.23,306.50,56.35,36.17,0.47,-1,-1,-1
848,470,866.67,461.00,413.33,251.00,0.40,-1,-1,-1
849,471,543.33,330.83,170.00,109.50,0.49,-1,-1,-1
850,472,457.67,305.17,82.00,58.50,0.49,-1,-1,-1
851,473,0.06,306.50,59.60,33.83,0.44,-1,-1,-1
851,474,413.33,292.67,54.67,39.33,0.43,-1,-1,-1
858,475,657.33,341.00,166.67,96.00,0.50,-1,-1,-1
859,476,496.00,304.17,70.67,46.17,0.48,-1,-1,-1
871,477,0.00,369.00,136.50,139.33,0.43,-1,-1,-1
909,478,0.62,345.67,146.38,130.67,0.42,-1,-1,-1
911,479,852.00,382.00,232.00,114.00,0.48,-1,-1,-1
912,480,565.33,316.67,94.00,53.33,0.49,-1,-1,-1
913,481,464.67,298.33,47.33,30.00,0.46,-1,-1,-1
916,482,565.33,265.67,305.33,158.00,0.44,-1,-1,-1
917,483,486.00,264.50,154.67,92.50,0.48,-1,-1,-1
918,484,442.33,267.17,94.67,60.33,0.47,-1,-1,-1
919,485,415.00,264.67,68.00,50.33,0.47,-1,-1,-1
941,486,589.67,347.33,203.00,108.67,0.48,-1,-1,-1
942,487,476.67,315.50,98.67,55.50,0.50,-1,-1,-1
943,488,427.00,299.00,60.67,38.67,0.46,-1,-1,-1
944,489,916.00,446.33,356.00,184.00,0.49,-1,-1,-1
945,490,604.33,340.00,146.33,82.67,0.49,-1,-1,-1
946,491,506.33,310.33,77.33,50.00,0.50,-1,-1,-1
947,492,461.33,299.33,51.33,34.00,0.47,-1,-1,-1
954,493,680.33,332.33,171.67,103.33,0.47,-1,-1,-1
955,494,504.67,300.00,70.67,48.00,0.49,-1,-1,-1
1003,495,682.00,400.67,321.33,170.00,0.48,-1,-1,-1
1004,496,505.33,333.00,126.00,78.00,0.48,-1,-1,-1
1004,497,786.67,424.00,398.67,210.00,0.46,-1,-1,-1
1005,496,538.67,337.33,150.67,90.00,0.51,-1,-1,-1
1005,498,439.33,309.50,70.00,41.50,0.48,-1,-1,-1
1006,496,407.67,297.67,44.00,29.00,0.14,-1,-1,-1
1006,498,453.00,311.17,78.00,50.83,0.50,-1,-1,-1
1037,499,702.67,404.67,282.67,146.67,0.48,-1,-1,-1
1038,500,465.33,316.50,78.00,49.17,0.49,-1,-1,-1
1066,501,4.25,359.67,142.83,128.00,0.45,-1,-1,-1
1088,502,512.33,160.33,127.33,119.00,0.40,-1,-1,-1
1089,502,509.00,160.42,128.00,126.25,0.46,-1,-1,-1
1090,502,509.33,160.00,128.00,127.00,0.46,-1,-1,-1
1091,502,509.33,160.33,128.00,126.67,0.46,-1,-1,-1
1092,502,510.00,162.17,128.00,125.00,0.46,-1,-1,-1
1093,502,511.67,162.75,127.33,126.58,0.48,-1,-1,-1
1094,502,511.00,163.58,128.00,125.75,0.49,-1,-1,-1
1095,502,511.00,161.58,128.00,127.75,0.47,-1,-1,-1
1096,502,511.33,162.25,127.33,127.08,0.48,-1,-1,-1
1097,502,510.00,162.58,128.67,126.42,0.49,-1,-1,-1
1098,502,509.67,162.17,128.67,127.00,0.49,-1,-1,-1
1099,502,509.33,163.00,128.67,126.00,0.49,-1,-1,-1
1100,502,510.33,163.42,128.00,125.58,0.49,-1,-1,-1
1101,502,509.33,163.08,128.67,125.92,0.49,-1,-1,-1
1102,502,510.00,163.17,128.00,126.00,0.49,-1,-1,-1
1103,502,509.33,163.42,128.67,125.58,0.49,-1,-1,-1
1104,502,509.33,163.58,128.67,125.42,0.49,-1,-1,-1
1105,502,510.33,163.75,128.00,125.58,0.49,-1,-1,-1
1106,502,509.67,163.42,128.67,125.92,0.49,-1,-1,-1
1107,502,509.00,163.92,129.33,125.42,0.49,-1,-1,-1
1108,502,509.33,164.33,128.67,125.00,0.49,-1,-1,-1
1109,502,510.33,160.92,127.33,128.42,0.49,-1,-1,-1
1110,502,509.33,161.17,128.00,128.00,0.49,-1,-1,-1
1111,502,507.00,161.00,131.33,128.67,0.48,-1,-1,-1
1112,502,509.33,162.33,128.67,126.67,0.50,-1,-1,-1
1113,502,510.67,161.50,126.67,127.33,0.49,-1,-1,-1
1114,502,505.67,163.25,131.33,125.75,0.50,-1,-1,-1
1114,503,796.67,358.00,169.33,176.67,0.47,-1,-1,-1
1115,502,497.00,167.50,135.33,131.00,0.46,-1,-1,-1
1115,504,800.67,245.83,118.67,120.83,0.49,-1,-1,-1
1116,502,476.67,181.83,142.00,138.00,0.47,-1,-1,-1
1116,505,801.33,184.67,88.00,81.67,0.48,-1,-1,-1
1117,502,436.67,211.33,164.67,161.00,0.48,-1,-1,-1
1117,506,802.00,140.08,68.00,63.92,0.47,-1,-1,-1
1118,502,346.67,259.67,208.00,216.67,0.47,-1,-1,-1
1118,507,799.33,106.67,66.67,48.33,0.47,-1,-1,-1
1119,502,147.00,344.00,332.33,343.33,0.36,-1,-1,-1
1119,508,799.33,84.83,52.00,42.50,0.41,-1,-1,-1
1138,509,0.00,342.33,209.67,260.00,0.42,-1,-1,-1
1143,510,979.33,266.00,149.33,110.67,0.49,-1,-1,-1
1144,511,905.33,148.50,81.33,62.00,0.45,-1,-1,-1
1146,512,799.33,180.00,101.33,98.33,0.47,-1,-1,-1
1147,513,796.67,108.67,65.33,55.00,0.46,-1,-1,-1
1148,514,793.33,74.92,49.33,40.83,0.41,-1,-1,-1
1173,515,809.33,106.00,57.33,47.83,0.44,-1,-1,-1
1206,516,311.67,188.67,151.33,106.00,0.48,-1,-1,-1
1207,517,93.83,266.83,252.17,192.50,0.47,-1,-1,-1
1226,518,822.00,238.00,112.00,109.67,0.49,-1,-1,-1
1227,519,807.33,113.08,57.33,42.67,0.42,-1,-1,-1
1231,520,187.33,353.67,270.67,252.67,0.46,-1,-1,-1
1248,521,308.67,125.17,134.67,108.33,0.45,-1,-1,-1
1249,522,187.00,150.50,174.00,140.33,0.43,-1,-1,-1
1250,523,471.33,182.17,137.33,123.00,0.45,-1,-1,-1
1260,524,1008.00,254.00,172.00,134.67,0.46,-1,-1,-1
1261,525,909.33,139.00,82.67,67.67,0.48,-1,-1,-1
1262,526,871.33,90.58,57.33,40.83,0.45,-1,-1,-1
1300,527,1005.33,295.83,192.00,149.50,0.47,-1,-1,-1
1301,528,936.67,190.83,122.67,95.00,0.44,-1,-1,-1
1302,529,902.67,137.50,84.00,65.00,0.45,-1,-1,-1
1303,530,878.00,105.25,66.67,48.83,0.43,-1,-1,-1
1305,531,861.33,307.00,154.67,138.00,0.45,-1,-1,-1
1306,532,837.33,169.83,81.33,75.00,0.47,-1,-1,-1
1306,533,1005.33,207.17,132.00,138.50,0.47,-1,-1,-1
1307,534,936.67,136.75,80.00,86.58,0.48,-1,-1,-1
1307,535,828.67,114.50,57.33,46.00,0.46,-1,-1,-1
1314,536,1042.67,334.33,236.00,244.00,0.49,-1,-1,-1
1315,537,910.00,144.67,92.00,94.67,0.47,-1,-1,-1
1343,538,270.00,198.83,154.67,110.67,0.48,-1,-1,-1
1344,539,0.00,354.33,179.33,238.67,0.46,-1,-1,-1
1390,540,753.33,458.67,224.00,261.33,0.49,-1,-1,-1
1391,541,763.33,304.17,144.00,151.17,0.46,-1,-1,-1
1391,542,407.33,246.67,164.67,144.00,0.43,-1,-1,-1
1391,543,1141.33,484.67,138.67,228.00,0.42,-1,-1,-1
1392,544,774.00,210.00,101.33,96.67,0.49,-1,-1,-1
1392,545,1045.33,329.50,198.67,143.50,0.48,-1,-1,-1
1392,546,237.67,343.33,254.00,212.67,0.46,-1,-1,-1
1393,547,778.67,151.17,70.67,66.67,0.50,-1,-1,-1
1393,548,978.67,232.67,133.33,100.67,0.47,-1,-1,-1
1393,549,768.00,364.67,177.33,216.67,0.45,-1,-1,-1
1393,550,1.92,590.00,277.75,130.00,0.44,-1,-1,-1
1394,551,780.00,210.33,110.67,133.67,0.48,-1,-1,-1
1394,552,939.33,170.50,90.67,67.67,0.47,-1,-1,-1
1394,553,784.67,114.33,52.00,44.33,0.46,-1,-1,-1
1395,554,786.00,158.08,74.67,73.25,0.51,-1,-1,-1
1395,555,787.33,84.17,42.67,36.33,0.46,-1,-1,-1
1395,556,910.00,131.92,69.33,46.42,0.45,-1,-1,-1
1396,557,788.67,112.67,54.67,51.67,0.49,-1,-1,-1
1396,558,886.00,101.50,56.00,37.83,0.44,-1,-1,-1
1396,559,788.67,63.79,36.00,32.13,0.42,-1,-1,-1
1397,560,1096.67,381.33,182.67,188.67,0.49,-1,-1,-1
1398,561,949.33,187.33,120.00,89.00,0.49,-1,-1,-1
1398,562,474.00,298.83,236.67,172.50,0.41,-1,-1,-1
1399,562,516.33,319.33,338.33,181.33,0.46,-1,-1,-1
1399,563,890.67,119.83,70.67,47.33,0.48,-1,-1,-1
1400,564,641.33,327.67,365.33,168.00,0.49,-1,-1,-1
1400,565,858.67,84.00,52.00,34.17,0.46,-1,-1,-1
1400,566,92.17,483.33,434.50,236.67,0.42,-1,-1,-1
1401,564,818.67,328.50,302.67,156.17,0.49,-1,-1,-1
1402,567,939.33,295.33,174.67,140.00,0.45,-1,-1,-1
1403,568,970.67,248.33,122.67,113.33,0.44,-1,-1,-1
1404,569,941.33,202.67,117.33,90.67,0.48,-1,-1,-1
1405,570,914.67,163.42,93.33,70.58,0.46,-1,-1,-1
1410,571,1049.33,367.00,230.67,202.00,0.48,-1,-1,-1
1411,572,940.00,189.83,108.00,92.33,0.49,-1,-1,-1
1411,573,833.33,494.67,260.00,225.33,0.45,-1,-1,-1
1411,574,514.00,157.33,110.00,79.33,0.41,-1,-1,-1
1412,575,812.00,198.00,108.00,100.00,0.49,-1,-1,-1
1412,576,894.00,126.67,73.33,54.67,0.49,-1,-1,-1
1412,577,230.17,321.00,249.83,201.33,0.46,-1,-1,-1
1413,578,872.00,91.92,52.00,41.50,0.43,-1,-1,-1
1413,579,803.33,120.50,61.33,46.83,0.43,-1,-1,-1
1416,580,274.00,190.33,163.33,122.67,0.48,-1,-1,-1
1440,581,808.67,240.67,117.33,125.33,0.51,-1,-1,-1
1441,582,642.33,370.33,203.67,111.33,0.46,-1,-1,-1
1442,582,643.33,370.67,202.67,110.67,0.47,-1,-1,-1
1443,582,643.33,371.00,201.33,110.67,0.47,-1,-1,-1
1444,582,643.33,371.00,201.33,110.67,0.47,-1,-1,-1
1445,582,643.67,371.67,201.67,110.00,0.47,-1,-1,-1
1446,582,653.67,374.33,197.00,109.33,0.46,-1,-1,-1
1447,582,686.00,382.67,218.67,117.33,0.45,-1,-1,-1
1448,582,758.67,401.67,250.67,117.33,0.48,-1,-1,-1
1449,582,834.00,419.33,284.00,118.00,0.48,-1,-1,-1
1450,582,834.00,419.00,284.00,118.67,0.48,-1,-1,-1
1499,583,780.67,258.67,341.33,155.33,0.48,-1,-1,-1
1500,584,650.33,248.50,251.00,116.83,0.46,-1,-1,-1
1501,585,553.33,233.50,194.67,95.00,0.47,-1,-1,-1
1501,586,830.00,466.67,272.00,180.67,0.41,-1,-1,-1
1502,587,482.67,228.50,156.00,79.00,0.45,-1,-1,-1
1503,587,444.33,220.33,139.33,75.67,0.40,-1,-1,-1
1504,587,444.33,220.33,139.33,75.67,0.39,-1,-1,-1
1516,588,789.33,351.33,165.33,67.33,0.42,-1,-1,-1
1517,589,1054.67,410.00,225.33,118.67,0.44,-1,-1,-1
1518,590,694.67,321.33,140.00,66.00,0.45,-1,-1,-1
1519,591,512.00,277.83,92.00,48.33,0.41,-1,-1,-1
1525,587,444.33,220.33,139.33,75.67,0.46,-1,-1,-1
1526,587,684.00,246.00,306.67,148.67,0.46,-1,-1,-1
1547,592,855.33,243.67,130.67,60.33,0.40,-1,-1,-1
1548,592,855.33,243.67,130.67,60.33,0.40,-1,-1,-1
1549,592,678.67,249.00,150.67,57.33,0.39,-1,-1,-1
1550,592,592.67,245.00,166.67,67.33,0.42,-1,-1,-1
1551,592,498.00,243.67,172.67,70.33,0.42,-1,-1,-1
1552,592,404.00,245.67,178.67,72.33,0.45,-1,-1,-1
1553,592,342.00,241.83,184.00,79.33,0.39,-1,-1,-1
1554,592,342.00,241.67,184.00,79.33,0.38,-1,-1,-1
1555,592,265.17,252.00,131.17,98.33,0.37,-1,-1,-1
1556,592,265.17,252.00,130.83,98.33,0.37,-1,-1,-1
1557,593,302.83,267.50,145.17,126.50,0.47,-1,-1,-1
1558,592,265.17,252.00,130.83,98.33,0.47,-1,-1,-1
1559,592,364.67,285.83,190.67,160.17,0.49,-1,-1,-1
1560,592,395.00,294.00,208.00,178.67,0.48,-1,-1,-1
1561,592,414.67,301.00,224.00,190.67,0.49,-1,-1,-1
1562,592,426.33,305.67,228.00,194.67,0.49,-1,-1,-1
1563,592,426.33,307.33,235.33,192.00,0.49,-1,-1,-1
1564,592,427.33,308.33,237.33,191.33,0.49,-1,-1,-1
1565,592,428.00,308.00,236.00,191.33,0.49,-1,-1,-1
1566,592,428.33,308.33,235.33,191.33,0.49,-1,-1,-1
1567,592,429.33,311.17,235.33,188.17,0.49,-1,-1,-1
1567,594,473.00,267.50,104.67,46.67,0.46,-1,-1,-1
1568,592,428.67,310.83,235.33,189.17,0.49,-1,-1,-1
1568,595,416.67,271.50,97.33,49.00,0.41,-1,-1,-1
1569,592,429.33,311.17,234.67,189.50,0.49,-1,-1,-1
1569,595,403.67,282.00,70.00,48.00,0.38,-1,-1,-1
1570,592,424.00,313.33,240.00,187.33,0.49,-1,-1,-1
1571,592,426.67,300.33,236.67,202.00,0.49,-1,-1,-1
1572,592,426.67,300.33,236.67,202.00,0.49,-1,-1,-1
1573,592,427.00,310.17,235.33,190.50,0.49,-1,-1,-1
1574,592,427.00,310.17,235.33,190.50,0.49,-1,-1,-1
1575,592,467.00,320.67,271.00,228.67,0.49,-1,-1,-1
1576,592,535.00,341.00,340.33,288.67,0.44,-1,-1,-1
1577,592,601.33,365.67,426.67,350.33,0.30,-1,-1,-1
1578,592,601.33,365.67,426.67,349.00,0.30,-1,-1,-1
1579,596,796.00,397.33,256.00,124.00,0.48,-1,-1,-1
1580,596,796.00,397.33,256.00,124.00,0.48,-1,-1,-1
1582,597,522.67,411.67,212.67,155.33,0.46,-1,-1,-1
1594,598,789.33,259.00,98.67,46.67,0.43,-1,-1,-1
1595,598,788.00,257.17,104.00,49.00,0.41,-1,-1,-1
1596,598,788.00,257.33,104.00,48.67,0.43,-1,-1,-1
1597,598,789.33,256.83,102.67,50.00,0.44,-1,-1,-1
1598,598,788.67,257.17,105.33,49.67,0.43,-1,-1,-1
1599,598,788.67,256.33,104.00,50.00,0.43,-1,-1,-1
1600,598,788.67,256.17,104.00,50.00,0.43,-1,-1,-1
1601,598,790.00,256.50,104.00,49.67,0.43,-1,-1,-1
1602,598,790.00,256.50,104.00,49.67,0.43,-1,-1,-1
1603,598,789.33,256.67,104.00,49.33,0.43,-1,-1,-1
1603,599,1032.00,396.00,206.67,89.33,0.48,-1,-1,-1
1604,598,790.00,256.83,102.67,48.33,0.46,-1,-1,-1
1604,600,718.00,316.50,124.00,60.50,0.47,-1,-1,-1
1605,598,789.33,255.83,104.00,50.00,0.45,-1,-1,-1
1606,598,789.33,256.33,104.00,49.67,0.45,-1,-1,-1
1607,598,789.33,255.50,104.00,50.33,0.45,-1,-1,-1
1608,598,789.33,255.00,102.67,50.67,0.44,-1,-1,-1
1609,598,789.33,255.33,105.33,51.00,0.45,-1,-1,-1
1609,601,741.33,326.17,145.33,71.50,0.47,-1,-1,-1
1610,598,789.33,255.33,105.33,51.00,0.45,-1,-1,-1
1610,601,741.33,326.17,145.33,71.50,0.47,-1,-1,-1
1611,598,788.67,255.67,105.33,50.00,0.44,-1,-1,-1
1611,601,417.33,252.50,69.33,45.00,0.31,-1,-1,-1
1612,598,788.67,255.67,105.33,50.00,0.44,-1,-1,-1
1612,601,417.33,252.33,69.33,45.33,0.31,-1,-1,-1
1613,598,789.33,256.33,104.00,49.33,0.45,-1,-1,-1
1614,598,788.67,255.33,104.00,50.33,0.44,-1,-1,-1
1615,598,789.33,255.50,104.00,50.33,0.44,-1,-1,-1
1616,598,789.33,255.17,102.67,49.67,0.47,-1,-1,-1
1616,602,857.33,338.67,154.67,75.33,0.50,-1,-1,-1
1617,598,789.33,254.83,104.00,50.33,0.45,-1,-1,-1
1617,603,739.33,308.83,128.00,67.83,0.47,-1,-1,-1
1618,598,789.33,256.00,104.00,49.00,0.45,-1,-1,-1
1618,604,677.00,300.50,118.33,59.50,0.47,-1,-1,-1
1619,598,788.67,255.33,104.00,50.00,0.44,-1,-1,-1
1619,604,655.33,296.50,110.67,58.83,0.47,-1,-1,-1
1620,598,788.67,255.50,104.00,50.00,0.44,-1,-1,-1
1620,604,655.00,296.50,111.00,58.83,0.47,-1,-1,-1
1621,598,788.67,255.50,104.00,49.67,0.45,-1,-1,-1
1621,604,633.00,293.00,105.67,56.33,0.47,-1,-1,-1
1622,598,788.67,255.67,104.00,49.67,0.45,-1,-1,-1
1622,604,633.00,293.00,105.67,56.33,0.47,-1,-1,-1
1623,598,788.67,255.50,105.33,49.67,0.45,-1,-1,-1
1623,604,633.00,293.17,106.33,56.17,0.47,-1,-1,-1
1624,598,788.67,255.50,105.33,49.67,0.45,-1,-1,-1
1624,604,633.00,293.00,106.33,56.33,0.47,-1,-1,-1
1625,598,789.33,256.17,104.00,49.00,0.45,-1,-1,-1
1625,604,633.00,293.17,105.67,55.83,0.47,-1,-1,-1
1626,598,789.33,255.67,104.00,49.67,0.45,-1,-1,-1
1626,604,633.00,293.33,105.67,56.00,0.48,-1,-1,-1
1627,598,788.67,255.50,105.33,49.67,0.45,-1,-1,-1
1627,604,633.00,293.00,105.67,56.33,0.48,-1,-1,-1
1628,598,788.67,255.00,105.33,50.33,0.45,-1,-1,-1
1628,604,633.00,293.00,106.33,56.33,0.48,-1,-1,-1
1629,598,788.00,255.00,105.33,50.67,0.44,-1,-1,-1
1629,604,633.67,293.00,106.33,56.67,0.47,-1,-1,-1
1630,598,786.67,256.50,102.67,48.67,0.40,-1,-1,-1
1630,604,633.67,293.00,106.33,56.33,0.47,-1,-1,-1
1631,598,769.33,258.50,101.33,46.00,0.32,-1,-1,-1
1631,604,633.00,293.33,105.67,55.33,0.47,-1,-1,-1
1632,598,769.33,258.67,101.33,45.67,0.32,-1,-1,-1
1632,604,633.00,293.33,105.67,55.33,0.47,-1,-1,-1
1633,598,643.33,260.67,104.00,45.33,0.40,-1,-1,-1
1633,604,631.33,292.00,108.00,56.33,0.47,-1,-1,-1
1634,598,643.33,260.67,104.00,45.33,0.40,-1,-1,-1
1634,604,631.33,292.00,108.00,56.33,0.47,-1,-1,-1
1635,598,421.33,268.00,125.33,54.67,0.45,-1,-1,-1
1635,604,633.33,292.67,106.67,56.00,0.48,-1,-1,-1
1636,598,356.33,275.83,106.00,59.67,0.45,-1,-1,-1
1636,604,633.67,293.83,106.33,54.17,0.47,-1,-1,-1
1637,604,633.00,292.50,105.67,55.50,0.48,-1,-1,-1
1637,605,341.33,286.33,77.33,79.33,0.40,-1,-1,-1
1638,604,633.33,292.33,106.67,56.33,0.48,-1,-1,-1
1638,605,354.67,297.50,105.33,92.50,0.47,-1,-1,-1
1639,604,633.33,292.17,106.67,56.83,0.48,-1,-1,-1
1639,606,375.33,310.83,129.33,102.50,0.49,-1,-1,-1
1640,604,633.33,292.33,106.67,56.67,0.48,-1,-1,-1
1640,606,375.33,310.67,129.33,102.67,0.49,-1,-1,-1
1641,604,633.67,292.17,106.33,56.83,0.49,-1,-1,-1
1641,606,456.00,344.67,178.00,132.00,0.48,-1,-1,-1
1642,604,633.67,292.17,106.33,56.83,0.49,-1,-1,-1
1642,606,456.00,344.67,178.00,132.00,0.48,-1,-1,-1
1643,604,633.00,292.67,106.33,56.33,0.49,-1,-1,-1
1643,598,356.33,275.83,106.00,59.67,0.45,-1,-1,-1
1644,604,633.00,293.00,105.67,55.33,0.49,-1,-1,-1
1644,598,479.00,355.67,196.67,139.33,0.45,-1,-1,-1
1645,604,634.00,292.67,105.33,55.33,0.49,-1,-1,-1
1645,598,479.33,355.00,196.67,140.67,0.46,-1,-1,-1
1645,607,771.33,519.00,304.00,155.33,0.47,-1,-1,-1
1645,608,591.67,264.67,101.67,35.00,0.42,-1,-1,-1
1646,604,633.67,293.17,106.33,54.50,0.48,-1,-1,-1
1646,598,479.33,354.33,196.67,140.67,0.45,-1,-1,-1
1647,604,634.00,293.00,105.33,55.67,0.49,-1,-1,-1
1647,598,480.67,354.33,194.67,140.67,0.46,-1,-1,-1
1648,604,634.00,293.00,105.33,55.67,0.49,-1,-1,-1
1648,598,480.67,354.00,194.67,140.67,0.45,-1,-1,-1
1649,604,634.00,292.17,106.67,56.17,0.49,-1,-1,-1
1649,598,479.00,355.33,197.33,138.67,0.45,-1,-1,-1
1650,604,634.00,292.17,106.67,56.50,0.49,-1,-1,-1
1650,598,479.00,355.33,197.33,138.67,0.45,-1,-1,-1
1651,604,633.33,291.83,106.67,56.83,0.49,-1,-1,-1
1651,598,479.00,355.67,196.67,138.67,0.45,-1,-1,-1
1652,604,633.33,292.00,106.67,56.67,0.49,-1,-1,-1
1652,598,479.00,355.33,196.67,139.33,0.45,-1,-1,-1
1653,604,633.33,291.83,106.67,57.17,0.49,-1,-1,-1
1653,598,479.33,357.00,196.67,138.00,0.47,-1,-1,-1
1654,604,633.00,292.00,107.00,57.00,0.49,-1,-1,-1
1654,598,489.00,359.33,199.00,140.00,0.49,-1,-1,-1
1655,604,633.33,291.67,106.67,57.33,0.49,-1,-1,-1
1655,598,507.00,363.00,211.00,150.00,0.49,-1,-1,-1
1656,604,633.00,291.67,107.67,57.00,0.49,-1,-1,-1
1656,598,562.00,384.67,240.00,170.67,0.46,-1,-1,-1
1657,604,631.67,292.33,107.00,56.33,0.47,-1,-1,-1
1657,598,698.00,444.67,329.33,224.00,0.49,-1,-1,-1
1658,604,621.33,289.17,106.00,57.17,0.47,-1,-1,-1
1659,604,604.00,286.67,102.00,53.33,0.47,-1,-1,-1
1660,604,604.00,286.67,102.00,53.33,0.47,-1,-1,-1
1661,604,517.33,266.83,80.00,47.00,0.43,-1,-1,-1
1662,604,517.33,267.00,80.00,47.00,0.43,-1,-1,-1
1664,609,428.67,340.67,128.00,91.33,0.43,-1,-1,-1
1665,609,435.67,318.33,115.33,79.33,0.33,-1,-1,-1
1665,610,269.00,306.50,101.33,88.50,0.48,-1,-1,-1
1665,611,589.67,409.33,200.33,141.33,0.46,-1,-1,-1
1666,611,617.33,395.67,200.00,112.00,0.48,-1,-1,-1
1666,612,996.00,358.67,188.00,82.00,0.46,-1,-1,-1
1667,613,879.33,493.33,336.00,188.00,0.49,-1,-1,-1
1667,614,852.00,326.67,154.67,71.33,0.46,-1,-1,-1
1668,613,879.33,493.33,336.00,188.00,0.49,-1,-1,-1
1668,614,851.33,326.67,154.67,71.33,0.46,-1,-1,-1
1669,614,559.67,265.83,88.67,48.67,0.37,-1,-1,-1
1670,614,559.33,265.83,89.33,48.67,0.37,-1,-1,-1
1673,615,443.00,301.33,125.33,77.33,0.40,-1,-1,-1
1674,615,480.33,306.67,146.00,94.00,0.45,-1,-1,-1
1675,615,526.67,322.33,157.33,98.67,0.39,-1,-1,-1
1676,615,562.33,331.33,165.67,107.33,0.42,-1,-1,-1
1677,615,584.00,340.00,175.33,112.00,0.46,-1,-1,-1
1678,615,591.33,341.33,174.67,112.00,0.50,-1,-1,-1
1679,615,593.33,341.00,174.67,113.33,0.48,-1,-1,-1
1680,615,593.33,341.00,174.67,113.33,0.48,-1,-1,-1
1681,615,594.67,340.67,175.33,115.33,0.48,-1,-1,-1
1682,615,594.67,341.00,174.67,114.67,0.48,-1,-1,-1
1683,615,594.33,341.00,173.67,114.67,0.48,-1,-1,-1
1684,615,594.00,342.00,174.67,112.67,0.48,-1,-1,-1
1685,615,594.67,340.00,173.33,115.33,0.48,-1,-1,-1
1686,615,594.67,341.33,173.33,114.00,0.48,-1,-1,-1
1687,615,594.00,341.67,174.67,114.00,0.48,-1,-1,-1
1688,615,594.00,341.67,174.67,114.00,0.48,-1,-1,-1
1689,615,593.67,341.33,174.33,115.33,0.47,-1,-1,-1
1690,615,593.67,341.33,174.33,115.33,0.48,-1,-1,-1
1691,615,593.33,342.33,173.33,113.33,0.48,-1,-1,-1
1692,615,594.33,344.00,173.00,112.00,0.45,-1,-1,-1
1693,615,594.33,340.67,172.33,115.33,0.48,-1,-1,-1
1694,615,594.00,340.67,172.67,115.33,0.48,-1,-1,-1
1695,615,594.00,340.67,172.67,115.33,0.48,-1,-1,-1
1696,615,594.00,341.33,174.00,114.00,0.48,-1,-1,-1
1697,615,593.67,342.33,174.33,113.33,0.48,-1,-1,-1
1698,615,594.00,342.00,173.33,113.33,0.49,-1,-1,-1
1699,615,595.00,340.67,171.00,115.33,0.48,-1,-1,-1
1700,615,596.33,342.67,179.00,113.33,0.50,-1,-1,-1
1701,615,608.67,346.33,184.00,116.67,0.44,-1,-1,-1
1702,615,609.67,346.33,183.67,116.67,0.44,-1,-1,-1
1703,615,688.00,368.67,220.00,118.67,0.48,-1,-1,-1
1704,615,688.00,368.33,220.00,119.33,0.48,-1,-1,-1
1705,616,1105.33,402.67,174.67,118.67,0.43,-1,-1,-1
1718,617,0.25,576.67,194.75,143.33,0.47,-1,-1,-1
1719,618,93.83,554.67,342.83,165.33,0.49,-1,-1,-1
1720,618,263.67,534.67,321.33,169.33,0.48,-1,-1,-1
1721,618,501.33,502.67,278.67,152.67,0.49,-1,-1,-1
1722,618,501.33,502.67,278.67,152.67,0.49,-1,-1,-1
1723,618,837.33,446.33,190.67,117.33,0.47,-1,-1,-1
1724,618,837.33,446.33,190.67,117.33,0.47,-1,-1,-1
1725,618,1002.67,388.33,94.67,91.33,0.42,-1,-1,-1
1726,619,1007.33,370.33,86.67,73.33,0.42,-1,-1,-1
1727,618,1002.67,388.33,94.67,91.33,0.48,-1,-1,-1
1728,618,936.00,340.33,101.33,65.33,0.46,-1,-1,-1
1729,618,891.33,326.33,104.00,64.67,0.37,-1,-1,-1
1730,618,846.00,317.67,102.67,61.33,0.42,-1,-1,-1
1731,618,818.00,309.17,105.33,62.50,0.31,-1,-1,-1
1732,618,818.00,309.17,105.33,62.50,0.31,-1,-1,-1
1733,618,753.33,294.00,105.33,61.00,0.29,-1,-1,-1
1734,618,753.33,294.17,105.33,60.83,0.29,-1,-1,-1
1735,618,706.67,290.17,97.33,53.50,0.32,-1,-1,-1
1736,618,694.67,288.00,94.67,52.00,0.36,-1,-1,-1
1737,618,687.33,287.67,93.33,50.67,0.35,-1,-1,-1
1738,618,681.67,286.67,91.67,50.00,0.36,-1,-1,-1
1739,618,675.00,285.67,90.33,49.33,0.35,-1,-1,-1
1740,618,667.00,283.67,88.33,49.67,0.32,-1,-1,-1
1741,618,661.67,283.33,88.33,47.67,0.40,-1,-1,-1
1742,618,649.67,281.00,85.00,46.00,0.37,-1,-1,-1
1743,618,637.00,278.33,84.33,44.67,0.38,-1,-1,-1
1744,618,637.00,278.33,84.33,44.67,0.38,-1,-1,-1
1745,618,578.67,266.00,74.00,43.33,0.36,-1,-1,-1
1746,618,578.67,266.00,74.00,43.33,0.35,-1,-1,-1
1747,620,1028.67,376.67,204.00,78.00,0.47,-1,-1,-1
1748,621,425.00,331.67,134.67,87.33,0.45,-1,-1,-1
1748,622,782.67,320.17,145.33,60.50,0.42,-1,-1,-1
1749,623,700.67,445.33,273.33,160.00,0.48,-1,-1,-1
1749,624,982.67,395.33,213.33,90.67,0.45,-1,-1,-1
1750,625,788.00,331.67,162.67,82.00,0.44,-1,-1,-1
1751,626,687.33,303.83,130.67,76.17,0.40,-1,-1,-1
1752,626,687.33,303.83,130.67,76.50,0.40,-1,-1,-1
1753,627,482.00,449.00,222.67,161.33,0.45,-1,-1,-1
1754,627,482.00,449.00,222.67,161.33,0.45,-1,-1,-1
1755,628,509.67,323.67,144.00,93.33,0.48,-1,-1,-1
1756,629,592.00,345.33,170.67,112.67,0.46,-1,-1,-1
1757,629,640.33,366.67,189.67,116.67,0.48,-1,-1,-1
1758,629,652.33,368.67,197.00,119.33,0.47,-1,-1,-1
1759,629,653.00,368.67,196.33,119.33,0.48,-1,-1,-1
1760,629,652.67,368.67,197.33,119.33,0.48,-1,-1,-1
1761,629,652.00,368.00,197.33,120.00,0.48,-1,-1,-1
1762,629,652.33,368.67,197.67,119.33,0.48,-1,-1,-1
1763,629,652.33,369.00,197.00,118.67,0.48,-1,-1,-1
1764,629,652.67,368.67,196.00,119.33,0.48,-1,-1,-1
1765,629,653.00,369.00,196.33,118.67,0.48,-1,-1,-1
1766,629,653.00,369.00,197.00,118.67,0.48,-1,-1,-1
1767,629,653.00,369.67,197.00,118.67,0.48,-1,-1,-1
1768,629,653.00,369.67,197.00,118.67,0.48,-1,-1,-1
1769,629,652.67,369.67,196.00,120.00,0.48,-1,-1,-1
1770,629,652.67,369.33,197.33,120.00,0.48,-1,-1,-1
1771,629,653.33,369.00,196.00,120.00,0.48,-1,-1,-1
1772,629,653.00,369.00,195.00,120.00,0.48,-1,-1,-1
1773,629,653.00,368.67,195.00,120.00,0.48,-1,-1,-1
1774,629,653.33,369.33,193.33,118.67,0.48,-1,-1,-1
1775,629,652.67,370.00,193.33,118.00,0.48,-1,-1,-1
1775,630,1158.67,431.00,121.33,108.67,0.42,-1,-1,-1
1776,629,652.67,370.00,193.33,118.00,0.48,-1,-1,-1
1776,630,1158.67,431.33,121.33,108.00,0.42,-1,-1,-1
1777,629,652.00,369.67,194.67,118.67,0.48,-1,-1,-1
1778,629,652.00,369.67,194.67,118.67,0.48,-1,-1,-1
1779,629,652.67,368.67,196.00,120.67,0.48,-1,-1,-1
1780,629,652.33,369.33,195.67,119.33,0.48,-1,-1,-1
1781,629,652.67,369.67,196.00,119.33,0.48,-1,-1,-1
1782,629,653.33,369.67,197.33,119.33,0.48,-1,-1,-1
1783,629,652.67,369.33,196.00,119.33,0.48,-1,-1,-1
1784,629,652.67,369.67,197.33,119.33,0.48,-1,-1,-1
1785,629,652.67,370.00,196.00,119.33,0.48,-1,-1,-1
1786,629,655.33,369.67,193.33,120.00,0.48,-1,-1,-1
1787,629,676.33,377.33,203.00,118.67,0.48,-1,-1,-1
1788,629,725.33,387.00,230.67,128.00,0.48,-1,-1,-1
1789,629,836.67,405.00,264.00,134.00,0.48,-1,-1,-1
1790,629,1040.00,426.67,240.00,130.00,0.48,-1,-1,-1
1801,631,283.67,144.83,105.00,126.00,0.49,-1,-1,-1
1801,632,266.00,251.50,88.67,86.33,0.47,-1,-1,-1
1802,631,280.33,144.00,108.67,124.67,0.50,-1,-1,-1
1802,632,265.67,251.00,89.33,85.67,0.46,-1,-1,-1
1803,631,282.83,144.50,107.83,128.67,0.48,-1,-1,-1
1803,632,265.00,253.33,92.00,83.67,0.49,-1,-1,-1
1804,631,279.17,143.50,110.17,126.00,0.50,-1,-1,-1
1804,632,265.33,251.83,89.33,85.33,0.47,-1,-1,-1
1804,633,922.00,145.17,66.67,30.50,0.42,-1,-1,-1
1805,631,283.17,144.75,105.50,126.58,0.49,-1,-1,-1
1805,632,265.67,253.17,90.00,83.33,0.49,-1,-1,-1
1806,631,282.00,144.50,106.00,124.67,0.51,-1,-1,-1
1806,632,266.17,251.50,89.17,84.67,0.47,-1,-1,-1
1807,631,283.17,144.08,106.17,127.92,0.49,-1,-1,-1
1807,632,265.67,252.50,90.00,85.33,0.47,-1,-1,-1
1808,631,284.17,143.58,104.50,127.08,0.49,-1,-1,-1
1808,632,265.67,252.17,90.00,85.00,0.46,-1,-1,-1
1809,631,281.33,143.50,107.33,126.00,0.49,-1,-1,-1
1809,632,265.33,251.83,91.33,84.67,0.46,-1,-1,-1
1810,631,279.67,143.17,108.67,128.00,0.48,-1,-1,-1
1810,632,264.50,255.67,93.50,82.00,0.50,-1,-1,-1
1810,634,1129.33,155.92,76.00,33.58,0.41,-1,-1,-1
1811,631,277.33,146.00,111.33,126.33,0.48,-1,-1,-1
1811,632,263.33,260.67,89.67,81.67,0.45,-1,-1,-1
1812,631,276.33,146.33,112.33,127.00,0.48,-1,-1,-1
1812,632,264.33,268.00,102.00,93.67,0.49,-1,-1,-1
1813,631,271.67,146.33,117.00,136.00,0.48,-1,-1,-1
1813,635,279.00,280.50,149.33,117.17,0.47,-1,-1,-1
1814,631,257.00,149.00,134.00,166.33,0.46,-1,-1,-1
1814,636,330.33,311.33,235.33,130.67,0.48,-1,-1,-1
1815,631,237.00,156.00,153.00,185.67,0.48,-1,-1,-1
1815,637,505.33,349.00,330.00,149.33,0.49,-1,-1,-1
1816,631,228.33,161.50,162.67,221.17,0.47,-1,-1,-1
1816,638,865.33,391.00,385.33,152.00,0.47,-1,-1,-1
1817,631,257.33,171.00,226.00,262.67,0.46,-1,-1,-1
1818,631,257.33,191.67,416.00,306.00,0.44,-1,-1,-1
1819,631,279.83,203.67,516.83,320.67,0.10,-1,-1,-1
1820,631,372.67,219.00,589.33,304.00,0.10,-1,-1,-1
1821,631,772.00,252.00,508.00,274.00,0.25,-1,-1,-1
1822,631,997.33,274.33,281.33,241.33,0.47,-1,-1,-1
1851,639,217.00,324.67,392.67,152.00,0.47,-1,-1,-1
1859,640,425.00,322.00,305.67,106.67,0.49,-1,-1,-1
1860,641,1076.00,322.17,204.00,90.50,0.47,-1,-1,-1
1864,642,618.33,459.00,440.33,163.33,0.46,-1,-1,-1
1864,643,0.00,377.67,206.67,139.33,0.44,-1,-1,-1
1865,644,606.33,360.00,341.67,150.67,0.50,-1,-1,-1
1868,645,968.00,330.67,309.33,148.67,0.45,-1,-1,-1
1904,646,518.67,522.00,255.33,198.00,0.48,-1,-1,-1
1905,647,495.67,418.33,189.67,168.67,0.49,-1,-1,-1
1906,648,470.33,341.33,148.67,121.33,0.49,-1,-1,-1
1906,649,572.00,551.33,294.67,168.67,0.44,-1,-1,-1
1907,650,455.33,283.50,112.67,92.50,0.49,-1,-1,-1
1907,651,538.00,416.67,209.33,212.67,0.45,-1,-1,-1
1908,652,502.33,330.50,161.33,148.83,0.47,-1,-1,-1
1909,653,482.33,267.83,118.00,112.17,0.43,-1,-1,-1
1909,654,438.67,209.83,85.33,62.33,0.41,-1,-1,-1
1910,655,462.67,223.00,92.67,87.33,0.44,-1,-1,-1
1914,656,222.67,155.17,84.33,31.33,0.44,-1,-1,-1
1915,657,334.00,150.67,80.00,36.00,0.43,-1,-1,-1
1927,658,0.00,297.00,213.17,228.00,0.46,-1,-1,-1
1928,658,0.00,288.50,507.33,239.50,0.37,-1,-1,-1
1929,658,319.17,281.50,534.83,235.83,0.33,-1,-1,-1
1930,658,692.00,280.00,506.67,226.67,0.39,-1,-1,-1
1931,658,1046.00,283.50,234.00,208.50,0.47,-1,-1,-1
1940,659,948.67,432.33,329.33,176.67,0.49,-1,-1,-1
1941,660,94.25,349.67,318.42,110.67,0.46,-1,-1,-1
1942,661,1000.67,338.33,278.67,106.67,0.48,-1,-1,-1
1945,662,321.17,326.33,314.83,131.33,0.49,-1,-1,-1
1951,663,614.00,447.67,421.33,164.00,0.44,-1,-1,-1
1971,664,166.67,145.75,95.67,34.25,0.43,-1,-1,-1
2019,665,283.67,210.17,80.00,85.67,0.44,-1,-1,-1
2020,665,280.00,223.33,82.00,90.33,0.44,-1,-1,-1
2021,665,278.17,231.33,82.50,94.67,0.47,-1,-1,-1
2022,665,278.67,233.83,81.67,93.33,0.49,-1,-1,-1
2023,665,277.83,234.67,82.50,92.33,0.49,-1,-1,-1
2024,665,277.83,235.00,82.17,92.00,0.49,-1,-1,-1
2025,665,278.83,235.33,81.17,91.33,0.50,-1,-1,-1
2026,665,278.33,235.00,81.67,91.67,0.50,-1,-1,-1
2027,665,279.50,233.83,79.50,92.33,0.50,-1,-1,-1
2028,665,279.83,234.33,79.17,91.67,0.50,-1,-1,-1
2029,665,279.00,234.17,80.00,92.33,0.50,-1,-1,-1
2030,665,278.83,234.17,80.17,92.33,0.50,-1,-1,-1
2031,665,279.67,234.67,79.00,91.67,0.50,-1,-1,-1
2032,665,279.33,234.67,80.00,91.67,0.50,-1,-1,-1
2033,665,279.00,233.67,80.00,92.67,0.50,-1,-1,-1
2034,665,279.33,233.67,79.33,93.00,0.50,-1,-1,-1
2035,665,279.00,234.33,80.00,93.00,0.50,-1,-1,-1
2036,665,279.83,234.33,79.17,92.33,0.50,-1,-1,-1
2037,665,278.50,235.50,80.50,92.00,0.50,-1,-1,-1
2038,665,277.67,235.00,82.00,93.67,0.50,-1,-1,-1
2039,665,277.17,236.67,83.83,94.00,0.49,-1,-1,-1
2040,665,277.00,234.67,82.33,94.33,0.47,-1,-1,-1
2041,665,276.00,236.33,84.67,95.33,0.48,-1,-1,-1
2042,665,277.83,236.50,83.17,94.67,0.49,-1,-1,-1
2043,665,277.33,234.67,83.33,96.67,0.50,-1,-1,-1
2044,665,277.50,234.67,83.17,96.67,0.49,-1,-1,-1
2045,665,277.67,234.67,83.33,96.33,0.49,-1,-1,-1
2046,665,277.83,234.83,82.83,95.00,0.50,-1,-1,-1
2046,666,36.67,438.00,409.67,157.33,0.46,-1,-1,-1
2047,665,277.67,236.17,83.00,95.00,0.49,-1,-1,-1
2047,667,978.00,412.00,302.00,144.00,0.47,-1,-1,-1
2048,665,277.00,235.67,84.00,95.33,0.49,-1,-1,-1
2048,668,463.33,359.67,365.33,128.67,0.48,-1,-1,-1
2049,665,276.33,236.33,86.33,96.00,0.48,-1,-1,-1
2050,665,277.17,236.00,84.17,95.33,0.49,-1,-1,-1
2051,665,276.17,235.33,84.83,96.67,0.49,-1,-1,-1
2052,665,276.17,235.50,85.17,96.33,0.49,-1,-1,-1
2053,665,276.83,235.33,84.83,97.00,0.49,-1,-1,-1
2054,665,276.67,235.67,85.33,96.67,0.49,-1,-1,-1
2055,665,276.33,237.50,86.33,95.67,0.49,-1,-1,-1
2056,665,276.17,237.17,86.83,96.00,0.49,-1,-1,-1
2057,665,276.00,236.67,86.33,96.33,0.49,-1,-1,-1
2058,665,276.33,236.67,85.33,95.67,0.49,-1,-1,-1
2059,665,276.33,236.67,85.67,96.00,0.49,-1,-1,-1
2060,665,276.33,236.83,85.67,95.67,0.49,-1,-1,-1
2061,665,275.83,235.50,85.50,96.00,0.49,-1,-1,-1
2062,665,274.50,236.33,90.83,96.00,0.46,-1,-1,-1
2063,665,276.50,237.67,84.50,93.33,0.45,-1,-1,-1
2064,665,274.67,236.50,88.33,95.00,0.47,-1,-1,-1
2065,665,275.67,235.67,84.00,95.67,0.49,-1,-1,-1
2066,665,275.00,235.17,88.67,96.67,0.45,-1,-1,-1
2067,665,275.00,237.33,88.00,98.00,0.42,-1,-1,-1
2068,665,272.83,248.00,91.17,93.00,0.46,-1,-1,-1
2069,665,270.00,254.50,92.33,95.50,0.46,-1,-1,-1
2070,665,265.33,260.33,107.67,105.67,0.46,-1,-1,-1
2071,665,256.67,271.17,116.00,117.17,0.43,-1,-1,-1
2071,669,468.00,412.67,194.00,188.67,0.48,-1,-1,-1
2072,665,254.67,287.33,124.33,130.67,0.46,-1,-1,-1
2072,670,458.00,321.67,130.67,123.33,0.49,-1,-1,-1
2073,665,276.67,307.67,173.33,146.00,0.38,-1,-1,-1
2073,671,443.67,264.00,102.00,85.67,0.49,-1,-1,-1
2074,672,367.33,340.33,274.67,162.00,0.49,-1,-1,-1
2075,673,643.67,378.67,328.33,172.67,0.46,-1,-1,-1
2075,674,431.00,197.67,77.33,62.33,0.41,-1,-1,-1
2076,675,1064.67,405.00,214.67,153.33,0.47,-1,-1,-1
2080,676,293.83,153.00,86.50,32.00,0.43,-1,-1,-1
2093,677,1139.33,153.67,61.33,26.33,0.41,-1,-1,-1
2095,678,928.67,147.83,62.67,26.67,0.42,-1,-1,-1
2098,679,536.00,144.58,83.33,27.75,0.40,-1,-1,-1
2100,680,217.33,145.92,88.00,29.25,0.43,-1,-1,-1
2112,681,100.83,374.67,352.50,133.33,0.46,-1,-1,-1
2113,682,956.67,368.67,314.67,118.67,0.49,-1,-1,-1
2147,683,170.42,145.50,86.58,33.33,0.41,-1,-1,-1
2155,684,502.00,386.33,169.33,164.00,0.46,-1,-1,-1
2156,685,478.33,292.83,122.00,105.83,0.45,-1,-1,-1
2157,686,454.33,235.17,99.33,81.33,0.48,-1,-1,-1
2280,687,1056.00,394.33,224.00,289.00,0.42,-1,-1,-1
2281,688,641.33,269.67,201.33,152.00,0.49,-1,-1,-1
2282,689,511.67,242.50,96.00,90.00,0.48,-1,-1,-1
2368,690,624.33,308.33,139.67,76.67,0.49,-1,-1,-1
2369,691,484.00,265.67,72.00,44.67,0.44,-1,-1,-1
2401,692,39.42,401.33,167.25,166.67,0.44,-1,-1,-1
2402,693,0.00,483.00,184.17,237.00,0.48,-1,-1,-1
2403,693,0.58,582.33,164.33,137.67,0.36,-1,-1,-1
2448,694,531.33,278.83,128.67,109.17,0.44,-1,-1,-1
2451,695,397.00,245.00,44.67,42.33,0.41,-1,-1,-1
2454,696,818.67,377.33,354.67,239.33,0.41,-1,-1,-1
2455,697,557.33,286.67,132.67,114.67,0.50,-1,-1,-1
2456,698,460.67,259.83,74.00,73.33,0.46,-1,-1,-1
2487,699,0.00,375.67,93.25,154.67,0.48,-1,-1,-1
